   0.0000000e+00
   5.0960908e+00
   9.5422682e+00
   1.3420696e+01
   1.6803243e+01
   1.9752657e+01
   2.2323687e+01
   2.4564098e+01
   2.6515568e+01
   2.8214477e+01
   2.9692595e+01
   3.0975723e+01
   3.2080691e+01
   3.3025121e+01
   3.3827074e+01
   3.4503638e+01
   3.5070378e+01
   3.5541206e+01
   3.5928429e+01
   3.6242871e+01
   3.6494025e+01
   3.6690202e+01
   3.6838667e+01
   3.6945771e+01
   3.7017064e+01
   3.7057392e+01
   3.7070987e+01
   3.7061547e+01
   3.7032298e+01
   3.6986058e+01
   3.6925288e+01
   3.6852135e+01
   3.6768474e+01
   3.6675940e+01
   3.6575962e+01
   3.6469785e+01
   3.6358496e+01
   3.6243043e+01
   3.6124253e+01
   3.6002847e+01
   3.5879454e+01
   3.5754621e+01
   3.5628826e+01
   3.5502485e+01
   3.5375960e+01
   3.5249566e+01
   3.5123577e+01
   3.4998232e+01
   3.4873737e+01
   3.4750273e+01
   3.4627995e+01
   3.4507039e+01
   3.4387521e+01
   3.4269544e+01
   3.4153194e+01
   3.4038546e+01
   3.3925666e+01
   3.3814609e+01
   3.3705422e+01
   3.3598145e+01
   3.3492814e+01
   3.3389456e+01
   3.3288096e+01
   3.3188755e+01
   3.3091448e+01
   3.2996189e+01
   3.2902988e+01
   3.2811855e+01
   3.2722795e+01
   3.2635813e+01
   3.2550910e+01
   3.2468089e+01
   3.2387349e+01
   3.2308690e+01
   3.2232109e+01
   3.2157604e+01
   3.2085171e+01
   3.2014805e+01
   3.1946502e+01
   3.1880256e+01
   3.1816062e+01
   3.1753913e+01
   3.1693802e+01
   3.1635723e+01
   3.1579668e+01
   3.1525629e+01
   3.1473599e+01
   3.1423570e+01
   3.1375532e+01
   3.1329479e+01
   3.1285400e+01
   3.1243287e+01
   3.1203131e+01
   3.1164922e+01
   3.1128652e+01
   3.1094310e+01
   3.1061887e+01
   3.1031374e+01
   3.1002759e+01
   3.0976034e+01
   3.0951187e+01
   3.0928209e+01
   3.0907088e+01
   3.0887815e+01
   3.0870378e+01
   3.0854767e+01
   3.0840970e+01
   3.0828977e+01
   3.0818777e+01
   3.0810357e+01
   3.0803707e+01
   3.0798815e+01
   3.0795669e+01
   3.0794257e+01
   3.0794568e+01
   3.0796590e+01
   3.0800309e+01
   3.0805715e+01
   3.0812794e+01
   3.0821535e+01
   3.0831924e+01
   3.0843949e+01
   3.0857597e+01
   3.0872855e+01
   3.0889710e+01
   3.0908149e+01
   3.0928159e+01
   3.0949726e+01
   3.0972837e+01
   3.0997478e+01
   3.1023636e+01
   3.1051296e+01
   3.1080446e+01
   3.1111071e+01
   3.1143157e+01
   3.1176690e+01
   3.1211656e+01
   3.1248039e+01
   3.1285827e+01
   3.1325005e+01
   3.1365557e+01
   3.1407470e+01
   3.1450728e+01
   3.1495316e+01
   3.1541221e+01
   3.1588426e+01
   3.1636917e+01
   3.1686679e+01
   3.1737695e+01
   3.1789950e+01
   3.1843425e+01
   3.1898100e+01
   3.1953956e+01
   3.2010970e+01
   3.2069120e+01
   3.2128383e+01
   3.2188735e+01
   3.2250152e+01
   3.2312609e+01
   3.2376082e+01
   3.2440545e+01
   3.2505974e+01
   3.2572343e+01
   3.2639628e+01
   3.2707803e+01
   3.2776843e+01
   3.2846725e+01
   3.2917422e+01
   3.2988912e+01
   3.3061169e+01
   3.3134170e+01
   3.3207892e+01
   3.3282310e+01
   3.3357402e+01
   3.3433146e+01
   3.3509518e+01
   3.3586496e+01
   3.3664060e+01
   3.3742186e+01
   3.3820854e+01
   3.3900043e+01
   3.3979733e+01
   3.4059902e+01
   3.4140532e+01
   3.4221603e+01
   3.4303095e+01
   3.4384989e+01
   3.4467268e+01
   3.4549911e+01
   3.4632903e+01
   3.4716224e+01
   3.4799858e+01
   3.4883787e+01
   3.4967994e+01
   3.5052465e+01
   3.5137181e+01
   3.5222127e+01
   3.5307288e+01
   3.5392648e+01
   3.5478193e+01
   3.5563908e+01
   3.5649778e+01
   3.5735789e+01
   3.5821928e+01
   3.5908180e+01
   3.5994533e+01
   3.6080973e+01
   3.6167488e+01
   3.6254065e+01
   3.6340691e+01
   3.6427356e+01
   3.6514047e+01
   3.6600752e+01
   3.6687460e+01
   3.6774161e+01
   3.6860842e+01
   3.6947495e+01
   3.7034108e+01
   3.7120672e+01
   3.7207175e+01
   3.7293610e+01
   3.7379966e+01
   3.7466234e+01
   3.7552404e+01
   3.7638469e+01
   3.7724420e+01
   3.7810247e+01
   3.7895943e+01
   3.7981500e+01
   3.8066910e+01
   3.8152166e+01
   3.8237259e+01
   3.8322183e+01
   3.8406930e+01
   3.8491493e+01
   3.8575866e+01
   3.8660043e+01
   3.8744016e+01
   3.8827780e+01
   3.8911328e+01
   3.8994655e+01
   3.9077754e+01
   3.9160620e+01
   3.9243248e+01
   3.9325633e+01
   3.9407769e+01
   3.9489650e+01
   3.9571273e+01
   3.9652633e+01
   3.9733724e+01
   3.9814543e+01
   3.9895084e+01
   3.9975344e+01
   4.0055319e+01
   4.0135003e+01
   4.0214394e+01
   4.0293488e+01
   4.0372280e+01
   4.0450768e+01
   4.0528946e+01
   4.0606813e+01
   4.0684363e+01
   4.0761594e+01
   4.0838502e+01
   4.0915083e+01
   4.0991335e+01
   4.1067254e+01
   4.1142836e+01
   4.1218079e+01
   4.1292979e+01
   4.1367532e+01
   4.1441737e+01
   4.1515588e+01
   4.1589084e+01
   4.1662222e+01
   4.1734997e+01
   4.1807408e+01
   4.1879451e+01
   4.1951123e+01
   4.2022421e+01
   4.2093343e+01
   4.2163885e+01
   4.2234045e+01
   4.2303820e+01
   4.2373207e+01
   4.2442203e+01
   4.2510806e+01
   4.2579013e+01
   4.2646821e+01
   4.2714228e+01
   4.2781231e+01
   4.2847828e+01
   4.2914016e+01
   4.2979792e+01
   4.3045155e+01
   4.3110102e+01
   4.3174630e+01
   4.3238737e+01
   4.3302421e+01
   4.3365679e+01
   4.3428510e+01
   4.3490911e+01
   4.3552880e+01
   4.3614415e+01
   4.3675514e+01
   4.3736175e+01
   4.3796396e+01
   4.3856175e+01
   4.3915510e+01
   4.3974398e+01
   4.4032840e+01
   4.4090831e+01
   4.4148372e+01
   4.4205459e+01
   4.4262092e+01
   4.4318268e+01
   4.4373987e+01
   4.4429245e+01
   4.4484043e+01
   4.4538378e+01
   4.4592250e+01
   4.4645655e+01
   4.4698594e+01
   4.4751065e+01
   4.4803067e+01
   4.4854597e+01
   4.4905656e+01
   4.4956241e+01
   4.5006352e+01
   4.5055987e+01
   4.5105146e+01
   4.5153828e+01
   4.5202030e+01
   4.5249753e+01
   4.5296996e+01
   4.5343757e+01
   4.5390035e+01
   4.5435831e+01
   4.5481142e+01
   4.5525969e+01
   4.5570310e+01
   4.5614165e+01
   4.5657534e+01
   4.5700414e+01
   4.5742807e+01
   4.5784711e+01
   4.5826126e+01
   4.5867052e+01
   4.5907487e+01
   4.5947432e+01
   4.5986885e+01
   4.6025848e+01
   4.6064319e+01
   4.6102298e+01
   4.6139785e+01
   4.6176780e+01
   4.6213282e+01
   4.6249291e+01
   4.6284808e+01
   4.6319831e+01
   4.6354362e+01
   4.6388399e+01
   4.6421943e+01
   4.6454994e+01
   4.6487552e+01
   4.6519617e+01
   4.6551190e+01
   4.6582269e+01
   4.6612856e+01
   4.6642950e+01
   4.6672552e+01
   4.6701663e+01
   4.6730281e+01
   4.6758408e+01
   4.6786044e+01
   4.6813190e+01
   4.6839845e+01
   4.6866010e+01
   4.6891685e+01
   4.6916872e+01
   4.6941570e+01
   4.6965780e+01
   4.6989502e+01
   4.7012737e+01
   4.7035486e+01
   4.7057749e+01
   4.7079527e+01
   4.7100821e+01
   4.7121630e+01
   4.7141957e+01
   4.7161801e+01
   4.7181163e+01
   4.7200044e+01
   4.7218445e+01
   4.7236367e+01
   4.7253811e+01
   4.7270776e+01
   4.7287265e+01
   4.7303278e+01
   4.7318816e+01
   4.7333880e+01
   4.7348471e+01
   4.7362590e+01
   4.7376238e+01
   4.7389416e+01
   4.7402124e+01
   4.7414365e+01
   4.7426139e+01
   4.7437447e+01
   4.7448290e+01
   4.7458669e+01
   4.7468587e+01
   4.7478043e+01
   4.7487039e+01
   4.7495576e+01
   4.7503655e+01
   4.7511278e+01
   4.7518446e+01
   4.7525160e+01
   4.7531421e+01
   4.7537232e+01
   4.7542592e+01
   4.7547504e+01
   4.7551968e+01
   4.7555987e+01
   4.7559561e+01
   4.7562692e+01
   4.7565381e+01
   4.7567631e+01
   4.7569441e+01
   4.7570814e+01
   4.7571752e+01
   4.7572255e+01
   4.7572325e+01
   4.7571964e+01
   4.7571174e+01
   4.7569955e+01
   4.7568310e+01
   4.7566240e+01
   4.7563746e+01
   4.7560831e+01
   4.7557495e+01
   4.7553742e+01
   4.7549571e+01
   4.7544985e+01
   4.7539986e+01
   4.7534574e+01
   4.7528753e+01
   4.7522524e+01
   4.7515888e+01
   4.7508847e+01
   4.7501403e+01
   4.7493558e+01
   4.7485313e+01
   4.7476671e+01
   4.7467632e+01
   4.7458200e+01
   4.7448375e+01
   4.7438160e+01
   4.7427557e+01
   4.7416567e+01
   4.7405192e+01
   4.7393435e+01
   4.7381297e+01
   4.7368779e+01
   4.7355885e+01
   4.7342615e+01
   4.7328973e+01
   4.7314959e+01
   4.7300576e+01
   4.7285826e+01
   4.7270711e+01
   4.7255233e+01
   4.7239394e+01
   4.7223196e+01
   4.7206640e+01
   4.7189730e+01
   4.7172467e+01
   4.7154853e+01
   4.7136891e+01
   4.7118582e+01
   4.7099929e+01
   4.7080933e+01
   4.7061598e+01
   4.7041924e+01
   4.7021915e+01
   4.7001572e+01
   4.6980897e+01
   4.6959894e+01
   4.6938563e+01
   4.6916908e+01
   4.6894930e+01
   4.6872632e+01
   4.6850016e+01
   4.6827084e+01
   4.6803838e+01
   4.6780282e+01
   4.6756416e+01
   4.6732244e+01
   4.6707768e+01
   4.6682990e+01
   4.6657912e+01
   4.6632537e+01
   4.6606867e+01
   4.6580905e+01
   4.6554652e+01
   4.6528112e+01
   4.6501287e+01
   4.6474178e+01
   4.6446790e+01
   4.6419123e+01
   4.6391181e+01
   4.6362965e+01
   4.6334479e+01
   4.6305725e+01
   4.6276705e+01
   4.6247422e+01
   4.6217878e+01
   4.6188076e+01
   4.6158019e+01
   4.6127709e+01
   4.6097148e+01
   4.6066339e+01
   4.6035284e+01
   4.6003987e+01
   4.5972450e+01
   4.5940675e+01
   4.5908666e+01
   4.5876423e+01
   4.5843951e+01
   4.5811253e+01
   4.5778329e+01
   4.5745184e+01
   4.5711820e+01
   4.5678239e+01
   4.5644445e+01
   4.5610439e+01
   4.5576226e+01
   4.5541806e+01
   4.5507184e+01
   4.5472362e+01
   4.5437342e+01
   4.5402128e+01
   4.5366722e+01
   4.5331127e+01
   4.5295346e+01
   4.5259381e+01
   4.5223235e+01
   4.5186912e+01
   4.5150414e+01
   4.5113743e+01
   4.5076903e+01
   4.5039896e+01
   4.5002726e+01
   4.4965395e+01
   4.4927907e+01
   4.4890263e+01
   4.4852467e+01
   4.4814522e+01
   4.4776430e+01
   4.4738195e+01
   4.4699820e+01
   4.4661307e+01
   4.4622660e+01
   4.4583881e+01
   4.4544973e+01
   4.4505940e+01
   4.4466784e+01
   4.4427508e+01
   4.4388115e+01
   4.4348609e+01
   4.4308992e+01
   4.4269267e+01
   4.4229437e+01
   4.4189506e+01
   4.4149476e+01
   4.4109351e+01
   4.4069133e+01
   4.4028825e+01
   4.3988431e+01
   4.3947954e+01
   4.3907396e+01
   4.3866761e+01
   4.3826052e+01
   4.3785272e+01
   4.3744424e+01
   4.3703511e+01
   4.3662536e+01
   4.3621503e+01
   4.3580414e+01
   4.3539273e+01
   4.3498083e+01
   4.3456846e+01
   4.3415567e+01
   4.3374248e+01
   4.3332892e+01
   4.3291502e+01
   4.3250082e+01
   4.3208635e+01
   4.3167164e+01
   4.3125672e+01
   4.3084162e+01
   4.3042637e+01
   4.3001101e+01
   4.2959557e+01
   4.2918008e+01
   4.2876457e+01
   4.2834907e+01
   4.2793362e+01
   4.2751825e+01
   4.2710298e+01
   4.2668786e+01
   4.2627290e+01
   4.2585816e+01
   4.2544364e+01
   4.2502940e+01
   4.2461546e+01
   4.2420185e+01
   4.2378860e+01
   4.2337575e+01
   4.2296332e+01
   4.2255136e+01
   4.2213989e+01
   4.2172894e+01
   4.2131855e+01
   4.2090874e+01
   4.2049955e+01
   4.2009102e+01
   4.1968316e+01
   4.1927602e+01
   4.1886963e+01
   4.1846401e+01
   4.1805921e+01
   4.1765524e+01
   4.1725214e+01
   4.1684995e+01
   4.1644870e+01
   4.1604841e+01
   4.1564912e+01
   4.1525086e+01
   4.1485365e+01
   4.1445754e+01
   4.1406256e+01
   4.1366872e+01
   4.1327607e+01
   4.1288464e+01
   4.1249445e+01
   4.1210554e+01
   4.1171794e+01
   4.1133167e+01
   4.1094678e+01
   4.1056328e+01
   4.1018121e+01
   4.0980060e+01
   4.0942148e+01
   4.0904388e+01
   4.0866783e+01
   4.0829336e+01
   4.0792050e+01
   4.0754927e+01
   4.0717972e+01
   4.0681186e+01
   4.0644572e+01
   4.0608134e+01
   4.0571875e+01
   4.0535797e+01
   4.0499903e+01
   4.0464196e+01
   4.0428678e+01
   4.0393354e+01
   4.0358225e+01
   4.0323294e+01
   4.0288564e+01
   4.0254038e+01
   4.0219718e+01
   4.0185608e+01
   4.0151710e+01
   4.0118026e+01
   4.0084559e+01
   4.0051313e+01
   4.0018289e+01
   3.9985490e+01
   3.9952919e+01
   3.9920579e+01
   3.9888471e+01
   3.9856599e+01
   3.9824965e+01
   3.9793571e+01
   3.9762421e+01
   3.9731516e+01
   3.9700858e+01
   3.9670451e+01
   3.9640297e+01
   3.9610398e+01
   3.9580756e+01
   3.9551374e+01
   3.9522253e+01
   3.9493397e+01
   3.9464808e+01
   3.9436488e+01
   3.9408438e+01
   3.9380661e+01
   3.9353160e+01
   3.9325937e+01
   3.9298992e+01
   3.9272330e+01
   3.9245951e+01
   3.9219858e+01
   3.9194052e+01
   3.9168536e+01
   3.9143312e+01
   3.9118381e+01
   3.9093746e+01
   3.9069407e+01
   3.9045368e+01
   3.9021630e+01
   3.8998195e+01
   3.8975063e+01
   3.8952238e+01
   3.8929721e+01
   3.8907513e+01
   3.8885616e+01
   3.8864032e+01
   3.8842762e+01
   3.8821808e+01
   3.8801171e+01
   3.8780853e+01
   3.8760854e+01
   3.8741178e+01
   3.8721824e+01
   3.8702795e+01
   3.8684091e+01
   3.8665714e+01
   3.8647665e+01
   3.8629945e+01
   3.8612556e+01
   3.8595499e+01
   3.8578774e+01
   3.8562383e+01
   3.8546327e+01
   3.8530606e+01
   3.8515223e+01
   3.8500177e+01
   3.8485470e+01
   3.8471102e+01
   3.8457075e+01
   3.8443389e+01
   3.8430044e+01
   3.8417043e+01
   3.8404385e+01
   3.8392070e+01
   3.8380101e+01
   3.8368476e+01
   3.8357198e+01
   3.8346265e+01
   3.8335679e+01
   3.8325441e+01
   3.8315550e+01
   3.8306007e+01
   3.8296812e+01
   3.8287966e+01
   3.8279469e+01
   3.8271321e+01
   3.8263522e+01
   3.8256073e+01
   3.8248973e+01
   3.8242223e+01
   3.8235822e+01
   3.8229771e+01
   3.8224070e+01
   3.8218718e+01
   3.8213716e+01
   3.8209063e+01
   3.8204760e+01
   3.8200805e+01
   3.8197199e+01
   3.8193941e+01
   3.8191032e+01
   3.8188470e+01
   3.8186256e+01
   3.8184388e+01
   3.8182867e+01
   3.8181692e+01
   3.8180863e+01
   3.8180378e+01
   3.8180238e+01
   3.8180441e+01
   3.8180987e+01
   3.8181875e+01
   3.8183105e+01
   3.8184675e+01
   3.8186585e+01
   3.8188835e+01
   3.8191422e+01
   3.8194347e+01
   3.8197607e+01
   3.8201203e+01
   3.8205134e+01
   3.8209397e+01
   3.8213993e+01
   3.8218919e+01
   3.8224175e+01
   3.8229760e+01
   3.8235672e+01
   3.8241911e+01
   3.8248474e+01
   3.8255361e+01
   3.8262569e+01
   3.8270099e+01
   3.8277948e+01
   3.8286114e+01
   3.8294598e+01
   3.8303396e+01
   3.8312507e+01
   3.8321930e+01
   3.8331663e+01
   3.8341705e+01
   3.8352054e+01
   3.8362708e+01
   3.8373665e+01
   3.8384924e+01
   3.8396483e+01
   3.8408340e+01
   3.8420494e+01
   3.8432942e+01
   3.8445682e+01
   3.8458713e+01
   3.8472033e+01
   3.8485639e+01
   3.8499530e+01
   3.8513704e+01
   3.8528158e+01
   3.8542891e+01
   3.8557901e+01
   3.8573185e+01
   3.8588741e+01
   3.8604567e+01
   3.8620661e+01
   3.8637020e+01
   3.8653643e+01
   3.8670527e+01
   3.8687670e+01
   3.8705070e+01
   3.8722723e+01
   3.8740629e+01
   3.8758784e+01
   3.8777186e+01
   3.8795833e+01
   3.8814722e+01
   3.8833851e+01
   3.8853217e+01
   3.8872818e+01
   3.8892652e+01
   3.8912715e+01
   3.8933006e+01
   3.8953522e+01
   3.8974259e+01
   3.8995217e+01
   3.9016391e+01
   3.9037780e+01
   3.9059381e+01
   3.9081190e+01
   3.9103207e+01
   3.9125427e+01
   3.9147848e+01
   3.9170467e+01
   3.9193282e+01
   3.9216291e+01
   3.9239489e+01
   3.9262875e+01
   3.9286446e+01
   3.9310198e+01
   3.9334130e+01
   3.9358238e+01
   3.9382520e+01
   3.9406972e+01
   3.9431593e+01
   3.9456379e+01
   3.9481327e+01
   3.9506434e+01
   3.9531698e+01
   3.9557116e+01
   3.9582685e+01
   3.9608402e+01
   3.9634264e+01
   3.9660268e+01
   3.9686412e+01
   3.9712692e+01
   3.9739106e+01
   3.9765650e+01
   3.9792323e+01
   3.9819120e+01
   3.9846040e+01
   3.9873078e+01
   3.9900233e+01
   3.9927501e+01
   3.9954880e+01
   3.9982366e+01
   4.0009957e+01
   4.0037649e+01
   4.0065440e+01
   4.0093327e+01
   4.0121307e+01
   4.0149377e+01
   4.0177534e+01
   4.0205776e+01
   4.0234099e+01
   4.0262500e+01
   4.0290977e+01
   4.0319526e+01
   4.0348146e+01
   4.0376832e+01
   4.0405582e+01
   4.0434393e+01
   4.0463263e+01
   4.0492188e+01
   4.0521165e+01
   4.0550193e+01
   4.0579267e+01
   4.0608385e+01
   4.0637544e+01
   4.0666742e+01
   4.0695975e+01
   4.0725242e+01
   4.0754538e+01
   4.0783861e+01
   4.0813208e+01
   4.0842577e+01
   4.0871965e+01
   4.0901369e+01
   4.0930786e+01
   4.0960214e+01
   4.0989650e+01
   4.1019091e+01
   4.1048534e+01
   4.1077978e+01
   4.1107418e+01
   4.1136852e+01
   4.1166279e+01
   4.1195694e+01
   4.1225096e+01
   4.1254482e+01
   4.1283848e+01
   4.1313194e+01
   4.1342516e+01
   4.1371811e+01
   4.1401077e+01
   4.1430311e+01
   4.1459511e+01
   4.1488675e+01
   4.1517799e+01
   4.1546882e+01
   4.1575920e+01
   4.1604912e+01
   4.1633855e+01
   4.1662747e+01
   4.1691585e+01
   4.1720366e+01
   4.1749089e+01
   4.1777751e+01
   4.1806349e+01
   4.1834882e+01
   4.1863347e+01
   4.1891741e+01
   4.1920063e+01
   4.1948310e+01
   4.1976480e+01
   4.2004571e+01
   4.2032580e+01
   4.2060505e+01
   4.2088345e+01
   4.2116097e+01
   4.2143758e+01
   4.2171327e+01
   4.2198801e+01
   4.2226179e+01
   4.2253459e+01
   4.2280638e+01
   4.2307714e+01
   4.2334685e+01
   4.2361550e+01
   4.2388306e+01
   4.2414952e+01
   4.2441484e+01
   4.2467903e+01
   4.2494205e+01
   4.2520388e+01
   4.2546452e+01
   4.2572393e+01
   4.2598211e+01
   4.2623903e+01
   4.2649468e+01
   4.2674903e+01
   4.2700208e+01
   4.2725380e+01
   4.2750417e+01
   4.2775319e+01
   4.2800082e+01
   4.2824707e+01
   4.2849190e+01
   4.2873531e+01
   4.2897727e+01
   4.2921777e+01
   4.2945681e+01
   4.2969435e+01
   4.2993039e+01
   4.3016491e+01
   4.3039789e+01
   4.3062933e+01
   4.3085921e+01
   4.3108750e+01
   4.3131421e+01
   4.3153931e+01
   4.3176280e+01
   4.3198465e+01
   4.3220486e+01
   4.3242341e+01
   4.3264029e+01
   4.3285548e+01
   4.3306899e+01
   4.3328078e+01
   4.3349085e+01
   4.3369920e+01
   4.3390580e+01
   4.3411064e+01
   4.3431372e+01
   4.3451503e+01
   4.3471454e+01
   4.3491226e+01
   4.3510817e+01
   4.3530226e+01
   4.3549453e+01
   4.3568495e+01
   4.3587353e+01
   4.3606025e+01
   4.3624510e+01
   4.3642808e+01
   4.3660917e+01
   4.3678837e+01
   4.3696566e+01
   4.3714105e+01
   4.3731452e+01
   4.3748606e+01
   4.3765567e+01
   4.3782334e+01
   4.3798906e+01
   4.3815282e+01
   4.3831462e+01
   4.3847445e+01
   4.3863230e+01
   4.3878817e+01
   4.3894206e+01
   4.3909394e+01
   4.3924383e+01
   4.3939171e+01
   4.3953758e+01
   4.3968143e+01
   4.3982326e+01
   4.3996306e+01
   4.4010083e+01
   4.4023656e+01
   4.4037025e+01
   4.4050190e+01
   4.4063149e+01
   4.4075903e+01
   4.4088452e+01
   4.4100794e+01
   4.4112930e+01
   4.4124859e+01
   4.4136582e+01
   4.4148096e+01
   4.4159404e+01
   4.4170503e+01
   4.4181395e+01
   4.4192078e+01
   4.4202552e+01
   4.4212818e+01
   4.4222875e+01
   4.4232723e+01
   4.4242362e+01
   4.4251791e+01
   4.4261011e+01
   4.4270022e+01
   4.4278823e+01
   4.4287415e+01
   4.4295797e+01
   4.4303969e+01
   4.4311932e+01
   4.4319685e+01
   4.4327228e+01
   4.4334562e+01
   4.4341686e+01
   4.4348600e+01
   4.4355306e+01
   4.4361802e+01
   4.4368089e+01
   4.4374166e+01
   4.4380035e+01
   4.4385695e+01
   4.4391147e+01
   4.4396390e+01
   4.4401425e+01
   4.4406252e+01
   4.4410871e+01
   4.4415283e+01
   4.4419488e+01
   4.4423485e+01
   4.4427276e+01
   4.4430861e+01
   4.4434240e+01
   4.4437412e+01
   4.4440380e+01
   4.4443142e+01
   4.4445700e+01
   4.4448054e+01
   4.4450203e+01
   4.4452149e+01
   4.4453893e+01
   4.4455433e+01
   4.4456772e+01
   4.4457908e+01
   4.4458844e+01
   4.4459579e+01
   4.4460113e+01
   4.4460448e+01
   4.4460584e+01
   4.4460521e+01
   4.4460260e+01
   4.4459802e+01
   4.4459146e+01
   4.4458294e+01
   4.4457247e+01
   4.4456004e+01
   4.4454567e+01
   4.4452936e+01
   4.4451111e+01
   4.4449094e+01
   4.4446885e+01
   4.4444485e+01
   4.4441895e+01
   4.4439114e+01
   4.4436145e+01
   4.4432987e+01
   4.4429641e+01
   4.4426109e+01
   4.4422390e+01
   4.4418486e+01
   4.4414397e+01
   4.4410125e+01
   4.4405670e+01
   4.4401032e+01
   4.4396213e+01
   4.4391214e+01
   4.4386035e+01
   4.4380677e+01
   4.4375141e+01
   4.4369428e+01
   4.4363539e+01
   4.4357474e+01
   4.4351235e+01
   4.4344823e+01
   4.4338238e+01
   4.4331482e+01
   4.4324554e+01
   4.4317458e+01
   4.4310192e+01
   4.4302758e+01
   4.4295158e+01
   4.4287392e+01
   4.4279461e+01
   4.4271366e+01
   4.4263109e+01
   4.4254690e+01
   4.4246110e+01
   4.4237370e+01
   4.4228471e+01
   4.4219415e+01
   4.4210203e+01
   4.4200835e+01
   4.4191313e+01
   4.4181637e+01
   4.4171809e+01
   4.4161831e+01
   4.4151702e+01
   4.4141425e+01
   4.4130999e+01
   4.4120428e+01
   4.4109711e+01
   4.4098849e+01
   4.4087845e+01
   4.4076699e+01
   4.4065412e+01
   4.4053985e+01
   4.4042420e+01
   4.4030718e+01
   4.4018880e+01
   4.4006908e+01
   4.3994802e+01
   4.3982563e+01
   4.3970194e+01
   4.3957695e+01
   4.3945067e+01
   4.3932312e+01
   4.3919431e+01
   4.3906425e+01
   4.3893296e+01
   4.3880044e+01
   4.3866672e+01
   4.3853180e+01
   4.3839570e+01
   4.3825842e+01
   4.3811999e+01
   4.3798042e+01
   4.3783971e+01
   4.3769789e+01
   4.3755496e+01
   4.3741094e+01
   4.3726585e+01
   4.3711969e+01
   4.3697248e+01
   4.3682423e+01
   4.3667496e+01
   4.3652469e+01
   4.3637341e+01
   4.3622115e+01
   4.3606793e+01
   4.3591375e+01
   4.3575863e+01
   4.3560258e+01
   4.3544563e+01
   4.3528777e+01
   4.3512903e+01
   4.3496942e+01
   4.3480895e+01
   4.3464764e+01
   4.3448551e+01
   4.3432256e+01
   4.3415881e+01
   4.3399428e+01
   4.3382897e+01
   4.3366291e+01
   4.3349611e+01
   4.3332859e+01
   4.3316035e+01
   4.3299141e+01
   4.3282179e+01
   4.3265150e+01
   4.3248056e+01
   4.3230898e+01
   4.3213677e+01
   4.3196395e+01
   4.3179054e+01
   4.3161655e+01
   4.3144199e+01
   4.3126689e+01
   4.3109124e+01
   4.3091508e+01
   4.3073841e+01
   4.3056124e+01
   4.3038360e+01
   4.3020550e+01
   4.3002695e+01
   4.2984797e+01
   4.2966858e+01
   4.2948878e+01
   4.2930860e+01
   4.2912804e+01
   4.2894712e+01
   4.2876587e+01
   4.2858429e+01
   4.2840239e+01
   4.2822020e+01
   4.2803773e+01
   4.2785499e+01
   4.2767200e+01
   4.2748877e+01
   4.2730532e+01
   4.2712166e+01
   4.2693781e+01
   4.2675379e+01
   4.2656960e+01
   4.2638526e+01
   4.2620080e+01
   4.2601622e+01
   4.2583153e+01
   4.2564676e+01
   4.2546192e+01
   4.2527702e+01
   4.2509208e+01
   4.2490711e+01
   4.2472213e+01
   4.2453715e+01
   4.2435219e+01
   4.2416726e+01
   4.2398238e+01
   4.2379756e+01
   4.2361282e+01
   4.2342817e+01
   4.2324363e+01
   4.2305921e+01
   4.2287492e+01
   4.2269078e+01
   4.2250681e+01
   4.2232302e+01
   4.2213943e+01
   4.2195604e+01
   4.2177288e+01
   4.2158995e+01
   4.2140728e+01
   4.2122488e+01
   4.2104275e+01
   4.2086092e+01
   4.2067940e+01
   4.2049821e+01
   4.2031735e+01
   4.2013685e+01
   4.1995671e+01
   4.1977696e+01
   4.1959760e+01
   4.1941864e+01
   4.1924011e+01
   4.1906202e+01
   4.1888438e+01
   4.1870720e+01
   4.1853050e+01
   4.1835430e+01
   4.1817860e+01
   4.1800341e+01
   4.1782876e+01
   4.1765466e+01
   4.1748112e+01
   4.1730815e+01
   4.1713576e+01
   4.1696398e+01
   4.1679280e+01
   4.1662226e+01
   4.1645235e+01
   4.1628309e+01
   4.1611450e+01
   4.1594659e+01
   4.1577937e+01
   4.1561285e+01
   4.1544704e+01
   4.1528197e+01
   4.1511763e+01
   4.1495405e+01
   4.1479124e+01
   4.1462920e+01
   4.1446795e+01
   4.1430750e+01
   4.1414787e+01
   4.1398907e+01
   4.1383110e+01
   4.1367398e+01
   4.1351772e+01
   4.1336234e+01
   4.1320784e+01
   4.1305424e+01
   4.1290154e+01
   4.1274977e+01
   4.1259892e+01
   4.1244901e+01
   4.1230006e+01
   4.1215206e+01
   4.1200505e+01
   4.1185901e+01
   4.1171397e+01
   4.1156994e+01
   4.1142692e+01
   4.1128493e+01
   4.1114397e+01
   4.1100406e+01
   4.1086521e+01
   4.1072742e+01
   4.1059071e+01
   4.1045509e+01
   4.1032056e+01
   4.1018714e+01
   4.1005483e+01
   4.0992364e+01
   4.0979359e+01
   4.0966468e+01
   4.0953691e+01
   4.0941031e+01
   4.0928488e+01
   4.0916063e+01
   4.0903756e+01
   4.0891568e+01
   4.0879500e+01
   4.0867554e+01
   4.0855730e+01
   4.0844028e+01
   4.0832449e+01
   4.0820995e+01
   4.0809665e+01
   4.0798462e+01
   4.0787384e+01
   4.0776434e+01
   4.0765612e+01
   4.0754918e+01
   4.0744354e+01
   4.0733919e+01
   4.0723615e+01
   4.0713442e+01
   4.0703401e+01
   4.0693492e+01
   4.0683717e+01
   4.0674075e+01
   4.0664567e+01
   4.0655194e+01
   4.0645957e+01
   4.0636855e+01
   4.0627890e+01
   4.0619062e+01
   4.0610371e+01
   4.0601819e+01
   4.0593405e+01
   4.0585129e+01
   4.0576993e+01
   4.0568997e+01
   4.0561141e+01
   4.0553426e+01
   4.0545852e+01
   4.0538419e+01
   4.0531129e+01
   4.0523980e+01
   4.0516974e+01
   4.0510110e+01
   4.0503390e+01
   4.0496813e+01
   4.0490381e+01
   4.0484092e+01
   4.0477947e+01
   4.0471947e+01
   4.0466092e+01
   4.0460382e+01
   4.0454817e+01
   4.0449397e+01
   4.0444123e+01
   4.0438995e+01
   4.0434013e+01
   4.0429177e+01
   4.0424487e+01
   4.0419943e+01
   4.0415546e+01
   4.0411295e+01
   4.0407191e+01
   4.0403234e+01
   4.0399423e+01
   4.0395759e+01
   4.0392242e+01
   4.0388872e+01
   4.0385648e+01
   4.0382572e+01
   4.0379642e+01
   4.0376858e+01
   4.0374221e+01
   4.0371731e+01
   4.0369387e+01
   4.0367190e+01
   4.0365139e+01
   4.0363234e+01
   4.0361474e+01
   4.0359861e+01
   4.0358393e+01
   4.0357071e+01
   4.0355894e+01
   4.0354862e+01
   4.0353975e+01
   4.0353233e+01
   4.0352635e+01
   4.0352181e+01
   4.0351871e+01
   4.0351704e+01
   4.0351681e+01
   4.0351800e+01
   4.0352063e+01
   4.0352467e+01
   4.0353014e+01
   4.0353702e+01
   4.0354531e+01
   4.0355501e+01
   4.0356611e+01
   4.0357862e+01
   4.0359251e+01
   4.0360781e+01
   4.0362448e+01
   4.0364254e+01
   4.0366198e+01
   4.0368279e+01
   4.0370497e+01
   4.0372851e+01
   4.0375341e+01
   4.0377966e+01
   4.0380726e+01
   4.0383619e+01
   4.0386647e+01
   4.0389807e+01
   4.0393100e+01
   4.0396524e+01
   4.0400080e+01
   4.0403766e+01
   4.0407583e+01
   4.0411528e+01
   4.0415602e+01
   4.0419804e+01
   4.0424134e+01
   4.0428590e+01
   4.0433172e+01
   4.0437879e+01
   4.0442710e+01
   4.0447666e+01
   4.0452744e+01
   4.0457945e+01
   4.0463267e+01
   4.0468710e+01
   4.0474273e+01
   4.0479955e+01
   4.0485755e+01
   4.0491673e+01
   4.0497708e+01
   4.0503859e+01
   4.0510125e+01
   4.0516505e+01
   4.0522999e+01
   4.0529606e+01
   4.0536324e+01
   4.0543153e+01
   4.0550091e+01
   4.0557139e+01
   4.0564296e+01
   4.0571559e+01
   4.0578929e+01
   4.0586404e+01
   4.0593984e+01
   4.0601667e+01
   4.0609453e+01
   4.0617341e+01
   4.0625330e+01
   4.0633418e+01
   4.0641605e+01
   4.0649890e+01
   4.0658271e+01
   4.0666749e+01
   4.0675321e+01
   4.0683987e+01
   4.0692746e+01
   4.0701597e+01
   4.0710539e+01
   4.0719570e+01
   4.0728690e+01
   4.0737898e+01
   4.0747192e+01
   4.0756572e+01
   4.0766037e+01
   4.0775585e+01
   4.0785215e+01
   4.0794927e+01
   4.0804719e+01
   4.0814591e+01
   4.0824540e+01
   4.0834566e+01
   4.0844668e+01
   4.0854846e+01
   4.0865096e+01
   4.0875420e+01
   4.0885815e+01
   4.0896280e+01
   4.0906815e+01
   4.0917418e+01
   4.0928088e+01
   4.0938823e+01
   4.0949624e+01
   4.0960488e+01
   4.0971415e+01
   4.0982403e+01
   4.0993452e+01
   4.1004559e+01
   4.1015725e+01
   4.1026947e+01
   4.1038226e+01
   4.1049558e+01
   4.1060944e+01
   4.1072383e+01
   4.1083872e+01
   4.1095412e+01
   4.1107000e+01
   4.1118636e+01
   4.1130318e+01
   4.1142045e+01
   4.1153817e+01
   4.1165632e+01
   4.1177489e+01
   4.1189386e+01
   4.1201323e+01
   4.1213298e+01
   4.1225310e+01
   4.1237359e+01
   4.1249442e+01
   4.1261559e+01
   4.1273709e+01
   4.1285890e+01
   4.1298101e+01
   4.1310341e+01
   4.1322609e+01
   4.1334904e+01
   4.1347225e+01
   4.1359570e+01
   4.1371939e+01
   4.1384329e+01
   4.1396741e+01
   4.1409172e+01
   4.1421623e+01
   4.1434090e+01
   4.1446575e+01
   4.1459074e+01
   4.1471588e+01
   4.1484115e+01
   4.1496654e+01
   4.1509203e+01
   4.1521762e+01
   4.1534330e+01
   4.1546905e+01
   4.1559486e+01
   4.1572073e+01
   4.1584663e+01
   4.1597257e+01
   4.1609852e+01
   4.1622448e+01
   4.1635044e+01
   4.1647638e+01
   4.1660230e+01
   4.1672818e+01
   4.1685401e+01
   4.1697979e+01
   4.1710550e+01
   4.1723112e+01
   4.1735666e+01
   4.1748210e+01
   4.1760742e+01
   4.1773262e+01
   4.1785769e+01
   4.1798262e+01
   4.1810739e+01
   4.1823200e+01
   4.1835644e+01
   4.1848069e+01
   4.1860475e+01
   4.1872860e+01
   4.1885224e+01
   4.1897565e+01
   4.1909883e+01
   4.1922176e+01
   4.1934444e+01
   4.1946685e+01
   4.1958899e+01
   4.1971085e+01
   4.1983241e+01
   4.1995366e+01
   4.2007461e+01
   4.2019523e+01
   4.2031552e+01
   4.2043547e+01
   4.2055507e+01
   4.2067430e+01
   4.2079317e+01
   4.2091166e+01
   4.2102976e+01
   4.2114747e+01
   4.2126477e+01
   4.2138166e+01
   4.2149812e+01
   4.2161415e+01
   4.2172974e+01
   4.2184489e+01
   4.2195957e+01
   4.2207379e+01
   4.2218753e+01
   4.2230079e+01
   4.2241356e+01
   4.2252583e+01
   4.2263759e+01
   4.2274884e+01
   4.2285956e+01
   4.2296976e+01
   4.2307941e+01
   4.2318851e+01
   4.2329706e+01
   4.2340505e+01
   4.2351247e+01
   4.2361931e+01
   4.2372556e+01
   4.2383122e+01
   4.2393629e+01
   4.2404074e+01
   4.2414459e+01
   4.2424781e+01
   4.2435040e+01
   4.2445236e+01
   4.2455368e+01
   4.2465434e+01
   4.2475436e+01
   4.2485371e+01
   4.2495239e+01
   4.2505040e+01
   4.2514773e+01
   4.2524437e+01
   4.2534032e+01
   4.2543557e+01
   4.2553011e+01
   4.2562394e+01
   4.2571706e+01
   4.2580945e+01
   4.2590111e+01
   4.2599204e+01
   4.2608222e+01
   4.2617167e+01
   4.2626036e+01
   4.2634829e+01
   4.2643547e+01
   4.2652187e+01
   4.2660751e+01
   4.2669237e+01
   4.2677645e+01
   4.2685974e+01
   4.2694224e+01
   4.2702394e+01
   4.2710484e+01
   4.2718494e+01
   4.2726423e+01
   4.2734271e+01
   4.2742037e+01
   4.2749720e+01
   4.2757321e+01
   4.2764839e+01
   4.2772273e+01
   4.2779624e+01
   4.2786891e+01
   4.2794073e+01
   4.2801170e+01
   4.2808181e+01
   4.2815107e+01
   4.2821948e+01
   4.2828702e+01
   4.2835369e+01
   4.2841949e+01
   4.2848442e+01
   4.2854848e+01
   4.2861166e+01
   4.2867396e+01
   4.2873537e+01
   4.2879590e+01
   4.2885554e+01
   4.2891429e+01
   4.2897214e+01
   4.2902910e+01
   4.2908516e+01
   4.2914032e+01
   4.2919458e+01
   4.2924793e+01
   4.2930037e+01
   4.2935191e+01
   4.2940254e+01
   4.2945226e+01
   4.2950106e+01
   4.2954895e+01
   4.2959592e+01
   4.2964197e+01
   4.2968711e+01
   4.2973132e+01
   4.2977461e+01
   4.2981698e+01
   4.2985843e+01
   4.2989895e+01
   4.2993855e+01
   4.2997722e+01
   4.3001497e+01
   4.3005178e+01
   4.3008767e+01
   4.3012264e+01
   4.3015667e+01
   4.3018977e+01
   4.3022195e+01
   4.3025319e+01
   4.3028351e+01
   4.3031290e+01
   4.3034135e+01
   4.3036888e+01
   4.3039548e+01
   4.3042115e+01
   4.3044589e+01
   4.3046971e+01
   4.3049259e+01
   4.3051455e+01
   4.3053559e+01
   4.3055570e+01
   4.3057488e+01
   4.3059314e+01
   4.3061048e+01
   4.3062689e+01
   4.3064239e+01
   4.3065696e+01
   4.3067062e+01
   4.3068336e+01
   4.3069518e+01
   4.3070609e+01
   4.3071608e+01
   4.3072517e+01
   4.3073334e+01
   4.3074061e+01
   4.3074697e+01
   4.3075243e+01
   4.3075698e+01
   4.3076063e+01
   4.3076339e+01
   4.3076525e+01
   4.3076621e+01
   4.3076628e+01
   4.3076546e+01
   4.3076375e+01
   4.3076116e+01
   4.3075769e+01
   4.3075333e+01
   4.3074810e+01
   4.3074199e+01
   4.3073501e+01
   4.3072717e+01
   4.3071845e+01
   4.3070887e+01
   4.3069843e+01
   4.3068713e+01
   4.3067498e+01
   4.3066198e+01
   4.3064812e+01
   4.3063342e+01
   4.3061788e+01
   4.3060151e+01
   4.3058429e+01
   4.3056625e+01
   4.3054738e+01
   4.3052768e+01
   4.3050716e+01
   4.3048582e+01
   4.3046368e+01
   4.3044072e+01
   4.3041695e+01
   4.3039239e+01
   4.3036702e+01
   4.3034087e+01
   4.3031392e+01
   4.3028619e+01
   4.3025767e+01
   4.3022838e+01
   4.3019831e+01
   4.3016748e+01
   4.3013588e+01
   4.3010352e+01
   4.3007041e+01
   4.3003655e+01
   4.3000193e+01
   4.2996658e+01
   4.2993049e+01
   4.2989367e+01
   4.2985612e+01
   4.2981785e+01
   4.2977885e+01
   4.2973915e+01
   4.2969874e+01
   4.2965762e+01
   4.2961581e+01
   4.2957330e+01
   4.2953010e+01
   4.2948623e+01
   4.2944167e+01
   4.2939644e+01
   4.2935054e+01
   4.2930398e+01
   4.2925677e+01
   4.2920890e+01
   4.2916039e+01
   4.2911123e+01
   4.2906145e+01
   4.2901103e+01
   4.2895998e+01
   4.2890832e+01
   4.2885605e+01
   4.2880317e+01
   4.2874969e+01
   4.2869561e+01
   4.2864094e+01
   4.2858569e+01
   4.2852986e+01
   4.2847346e+01
   4.2841649e+01
   4.2835896e+01
   4.2830088e+01
   4.2824225e+01
   4.2818307e+01
   4.2812336e+01
   4.2806312e+01
   4.2800235e+01
   4.2794107e+01
   4.2787927e+01
   4.2781697e+01
   4.2775417e+01
   4.2769087e+01
   4.2762709e+01
   4.2756282e+01
   4.2749808e+01
   4.2743288e+01
   4.2736721e+01
   4.2730109e+01
   4.2723451e+01
   4.2716750e+01
   4.2710004e+01
   4.2703216e+01
   4.2696386e+01
   4.2689514e+01
   4.2682600e+01
   4.2675647e+01
   4.2668653e+01
   4.2661621e+01
   4.2654550e+01
   4.2647442e+01
   4.2640296e+01
   4.2633114e+01
   4.2625897e+01
   4.2618644e+01
   4.2611357e+01
   4.2604036e+01
   4.2596682e+01
   4.2589295e+01
   4.2581877e+01
   4.2574428e+01
   4.2566949e+01
   4.2559440e+01
   4.2551901e+01
   4.2544335e+01
   4.2536741e+01
   4.2529120e+01
   4.2521472e+01
   4.2513799e+01
   4.2506101e+01
   4.2498379e+01
   4.2490633e+01
   4.2482865e+01
   4.2475074e+01
   4.2467262e+01
   4.2459429e+01
   4.2451576e+01
   4.2443703e+01
   4.2435812e+01
   4.2427902e+01
   4.2419975e+01
   4.2412032e+01
   4.2404072e+01
   4.2396098e+01
   4.2388108e+01
   4.2380105e+01
   4.2372088e+01
   4.2364059e+01
   4.2356018e+01
   4.2347966e+01
   4.2339903e+01
   4.2331830e+01
   4.2323749e+01
   4.2315659e+01
   4.2307561e+01
   4.2299456e+01
   4.2291344e+01
   4.2283227e+01
   4.2275105e+01
   4.2266978e+01
   4.2258848e+01
   4.2250715e+01
   4.2242579e+01
   4.2234442e+01
   4.2226304e+01
   4.2218166e+01
   4.2210027e+01
   4.2201890e+01
   4.2193755e+01
   4.2185622e+01
   4.2177492e+01
   4.2169366e+01
   4.2161244e+01
   4.2153127e+01
   4.2145016e+01
   4.2136911e+01
   4.2128813e+01
   4.2120723e+01
   4.2112641e+01
   4.2104568e+01
   4.2096505e+01
   4.2088452e+01
   4.2080410e+01
   4.2072380e+01
   4.2064361e+01
   4.2056356e+01
   4.2048364e+01
   4.2040386e+01
   4.2032423e+01
   4.2024475e+01
   4.2016543e+01
   4.2008628e+01
   4.2000730e+01
   4.1992850e+01
   4.1984989e+01
   4.1977146e+01
   4.1969323e+01
   4.1961521e+01
   4.1953739e+01
   4.1945979e+01
   4.1938242e+01
   4.1930527e+01
   4.1922835e+01
   4.1915167e+01
   4.1907524e+01
   4.1899905e+01
   4.1892313e+01
   4.1884746e+01
   4.1877207e+01
   4.1869695e+01
   4.1862211e+01
   4.1854755e+01
   4.1847328e+01
   4.1839932e+01
   4.1832565e+01
   4.1825229e+01
   4.1817925e+01
   4.1810652e+01
   4.1803412e+01
   4.1796205e+01
   4.1789031e+01
   4.1781891e+01
   4.1774786e+01
   4.1767716e+01
   4.1760681e+01
   4.1753682e+01
   4.1746720e+01
   4.1739796e+01
   4.1732909e+01
   4.1726059e+01
   4.1719249e+01
   4.1712478e+01
   4.1705746e+01
   4.1699054e+01
   4.1692403e+01
   4.1685793e+01
   4.1679224e+01
   4.1672698e+01
   4.1666213e+01
   4.1659772e+01
   4.1653374e+01
   4.1647020e+01
   4.1640710e+01
   4.1634444e+01
   4.1628224e+01
   4.1622049e+01
   4.1615920e+01
   4.1609838e+01
   4.1603802e+01
   4.1597814e+01
   4.1591873e+01
   4.1585980e+01
   4.1580135e+01
   4.1574339e+01
   4.1568593e+01
   4.1562896e+01
   4.1557249e+01
   4.1551652e+01
   4.1546106e+01
   4.1540611e+01
   4.1535167e+01
   4.1529775e+01
   4.1524435e+01
   4.1519147e+01
   4.1513913e+01
   4.1508731e+01
   4.1503603e+01
   4.1498528e+01
   4.1493508e+01
   4.1488541e+01
   4.1483630e+01
   4.1478774e+01
   4.1473972e+01
   4.1469227e+01
   4.1464537e+01
   4.1459903e+01
   4.1455326e+01
   4.1450805e+01
   4.1446341e+01
   4.1441934e+01
   4.1437585e+01
   4.1433294e+01
   4.1429060e+01
   4.1424884e+01
   4.1420767e+01
   4.1416709e+01
   4.1412709e+01
   4.1408768e+01
   4.1404887e+01
   4.1401065e+01
   4.1397302e+01
   4.1393599e+01
   4.1389957e+01
   4.1386374e+01
   4.1382852e+01
   4.1379391e+01
   4.1375990e+01
   4.1372650e+01
   4.1369371e+01
   4.1366153e+01
   4.1362997e+01
   4.1359901e+01
   4.1356868e+01
   4.1353896e+01
   4.1350986e+01
   4.1348138e+01
   4.1345351e+01
   4.1342627e+01
   4.1339965e+01
   4.1337366e+01
   4.1334829e+01
   4.1332354e+01
   4.1329942e+01
   4.1327592e+01
   4.1325305e+01
   4.1323081e+01
   4.1320920e+01
   4.1318821e+01
   4.1316785e+01
   4.1314812e+01
   4.1312902e+01
   4.1311055e+01
   4.1309271e+01
   4.1307550e+01
   4.1305892e+01
   4.1304297e+01
   4.1302765e+01
   4.1301296e+01
   4.1299890e+01
   4.1298546e+01
   4.1297266e+01
   4.1296048e+01
   4.1294894e+01
   4.1293802e+01
   4.1292773e+01
   4.1291806e+01
   4.1290902e+01
   4.1290061e+01
   4.1289282e+01
   4.1288566e+01
   4.1287912e+01
   4.1287320e+01
   4.1286790e+01
   4.1286322e+01
   4.1285917e+01
   4.1285573e+01
   4.1285291e+01
   4.1285070e+01
   4.1284911e+01
   4.1284814e+01
   4.1284777e+01
   4.1284802e+01
   4.1284888e+01
   4.1285034e+01
   4.1285241e+01
   4.1285509e+01
   4.1285837e+01
   4.1286225e+01
   4.1286673e+01
   4.1287181e+01
   4.1287749e+01
   4.1288376e+01
   4.1289062e+01
   4.1289807e+01
   4.1290611e+01
   4.1291474e+01
   4.1292395e+01
   4.1293375e+01
   4.1294412e+01
   4.1295507e+01
   4.1296660e+01
   4.1297870e+01
   4.1299137e+01
   4.1300461e+01
   4.1301841e+01
   4.1303278e+01
   4.1304771e+01
   4.1306319e+01
   4.1307923e+01
   4.1309583e+01
   4.1311297e+01
   4.1313066e+01
   4.1314890e+01
   4.1316767e+01
   4.1318699e+01
   4.1320684e+01
   4.1322722e+01
   4.1324813e+01
   4.1326957e+01
   4.1329153e+01
   4.1331401e+01
   4.1333701e+01
   4.1336052e+01
   4.1338455e+01
   4.1340908e+01
   4.1343411e+01
   4.1345965e+01
   4.1348568e+01
   4.1351220e+01
   4.1353922e+01
   4.1356672e+01
   4.1359470e+01
   4.1362317e+01
   4.1365211e+01
   4.1368152e+01
   4.1371140e+01
   4.1374175e+01
   4.1377255e+01
   4.1380381e+01
   4.1383553e+01
   4.1386770e+01
   4.1390031e+01
   4.1393336e+01
   4.1396686e+01
   4.1400078e+01
   4.1403514e+01
   4.1406992e+01
   4.1410512e+01
   4.1414074e+01
   4.1417677e+01
   4.1421322e+01
   4.1425007e+01
   4.1428732e+01
   4.1432496e+01
   4.1436300e+01
   4.1440143e+01
   4.1444025e+01
   4.1447944e+01
   4.1451901e+01
   4.1455895e+01
   4.1459925e+01
   4.1463992e+01
   4.1468095e+01
   4.1472233e+01
   4.1476406e+01
   4.1480613e+01
   4.1484855e+01
   4.1489130e+01
   4.1493438e+01
   4.1497778e+01
   4.1502151e+01
   4.1506556e+01
   4.1510992e+01
   4.1515459e+01
   4.1519956e+01
   4.1524484e+01
   4.1529040e+01
   4.1533626e+01
   4.1538240e+01
   4.1542882e+01
   4.1547552e+01
   4.1552248e+01
   4.1556972e+01
   4.1561721e+01
   4.1566497e+01
   4.1571297e+01
   4.1576122e+01
   4.1580971e+01
   4.1585845e+01
   4.1590741e+01
   4.1595660e+01
   4.1600602e+01
   4.1605565e+01
   4.1610550e+01
   4.1615556e+01
   4.1620582e+01
   4.1625627e+01
   4.1630693e+01
   4.1635777e+01
   4.1640880e+01
   4.1646001e+01
   4.1651139e+01
   4.1656294e+01
   4.1661466e+01
   4.1666653e+01
   4.1671857e+01
   4.1677075e+01
   4.1682308e+01
   4.1687555e+01
   4.1692815e+01
   4.1698089e+01
   4.1703375e+01
   4.1708673e+01
   4.1713983e+01
   4.1719305e+01
   4.1724637e+01
   4.1729979e+01
   4.1735330e+01
   4.1740691e+01
   4.1746061e+01
   4.1751439e+01
   4.1756825e+01
   4.1762218e+01
   4.1767618e+01
   4.1773024e+01
   4.1778436e+01
   4.1783853e+01
   4.1789276e+01
   4.1794702e+01
   4.1800133e+01
   4.1805567e+01
   4.1811004e+01
   4.1816444e+01
   4.1821886e+01
   4.1827329e+01
   4.1832774e+01
   4.1838219e+01
   4.1843664e+01
   4.1849109e+01
   4.1854553e+01
   4.1859996e+01
   4.1865437e+01
   4.1870877e+01
   4.1876313e+01
   4.1881747e+01
   4.1887177e+01
   4.1892603e+01
   4.1898024e+01
   4.1903441e+01
   4.1908852e+01
   4.1914258e+01
   4.1919658e+01
   4.1925050e+01
   4.1930436e+01
   4.1935814e+01
   4.1941184e+01
   4.1946546e+01
   4.1951899e+01
   4.1957243e+01
   4.1962577e+01
   4.1967900e+01
   4.1973214e+01
   4.1978516e+01
   4.1983807e+01
   4.1989086e+01
   4.1994352e+01
   4.1999606e+01
   4.2004847e+01
   4.2010075e+01
   4.2015288e+01
   4.2020488e+01
   4.2025672e+01
   4.2030842e+01
   4.2035995e+01
   4.2041133e+01
   4.2046255e+01
   4.2051360e+01
   4.2056448e+01
   4.2061518e+01
   4.2066571e+01
   4.2071605e+01
   4.2076621e+01
   4.2081618e+01
   4.2086595e+01
   4.2091552e+01
   4.2096490e+01
   4.2101407e+01
   4.2106303e+01
   4.2111178e+01
   4.2116031e+01
   4.2120863e+01
   4.2125672e+01
   4.2130458e+01
   4.2135222e+01
   4.2139962e+01
   4.2144679e+01
   4.2149372e+01
   4.2154040e+01
   4.2158684e+01
   4.2163302e+01
   4.2167896e+01
   4.2172464e+01
   4.2177006e+01
   4.2181521e+01
   4.2186010e+01
   4.2190472e+01
   4.2194907e+01
   4.2199315e+01
   4.2203695e+01
   4.2208046e+01
   4.2212369e+01
   4.2216664e+01
   4.2220930e+01
   4.2225166e+01
   4.2229373e+01
   4.2233550e+01
   4.2237697e+01
   4.2241813e+01
   4.2245899e+01
   4.2249954e+01
   4.2253978e+01
   4.2257971e+01
   4.2261932e+01
   4.2265861e+01
   4.2269757e+01
   4.2273622e+01
   4.2277454e+01
   4.2281253e+01
   4.2285018e+01
   4.2288751e+01
   4.2292450e+01
   4.2296115e+01
   4.2299746e+01
   4.2303343e+01
   4.2306905e+01
   4.2310433e+01
   4.2313926e+01
   4.2317384e+01
   4.2320806e+01
   4.2324193e+01
   4.2327545e+01
   4.2330861e+01
   4.2334140e+01
   4.2337383e+01
   4.2340590e+01
   4.2343761e+01
   4.2346895e+01
   4.2349991e+01
   4.2353051e+01
   4.2356074e+01
   4.2359059e+01
   4.2362006e+01
   4.2364916e+01
   4.2367788e+01
   4.2370622e+01
   4.2373418e+01
   4.2376176e+01
   4.2378895e+01
   4.2381576e+01
   4.2384218e+01
   4.2386822e+01
   4.2389386e+01
   4.2391912e+01
   4.2394398e+01
   4.2396845e+01
   4.2399253e+01
   4.2401622e+01
   4.2403951e+01
   4.2406240e+01
   4.2408489e+01
   4.2410699e+01
   4.2412869e+01
   4.2414999e+01
   4.2417089e+01
   4.2419139e+01
   4.2421149e+01
   4.2423118e+01
   4.2425047e+01
   4.2426936e+01
   4.2428785e+01
   4.2430593e+01
   4.2432360e+01
   4.2434087e+01
   4.2435773e+01
   4.2437419e+01
   4.2439024e+01
   4.2440588e+01
   4.2442111e+01
   4.2443594e+01
   4.2445036e+01
   4.2446437e+01
   4.2447798e+01
   4.2449117e+01
   4.2450396e+01
   4.2451634e+01
   4.2452831e+01
   4.2453988e+01
   4.2455103e+01
   4.2456178e+01
   4.2457212e+01
   4.2458205e+01
   4.2459157e+01
   4.2460069e+01
   4.2460940e+01
   4.2461770e+01
   4.2462560e+01
   4.2463309e+01
   4.2464017e+01
   4.2464685e+01
   4.2465312e+01
   4.2465899e+01
   4.2466446e+01
   4.2466952e+01
   4.2467418e+01
   4.2467844e+01
   4.2468229e+01
   4.2468575e+01
   4.2468881e+01
   4.2469146e+01
   4.2469372e+01
   4.2469558e+01
   4.2469704e+01
   4.2469811e+01
   4.2469878e+01
   4.2469906e+01
   4.2469895e+01
   4.2469844e+01
   4.2469754e+01
   4.2469625e+01
   4.2469457e+01
   4.2469250e+01
   4.2469005e+01
   4.2468721e+01
   4.2468399e+01
   4.2468038e+01
   4.2467639e+01
   4.2467202e+01
   4.2466727e+01
   4.2466214e+01
   4.2465664e+01
   4.2465076e+01
   4.2464450e+01
   4.2463788e+01
   4.2463088e+01
   4.2462351e+01
   4.2461577e+01
   4.2460767e+01
   4.2459920e+01
   4.2459037e+01
   4.2458118e+01
   4.2457162e+01
   4.2456171e+01
   4.2455144e+01
   4.2454081e+01
   4.2452984e+01
   4.2451851e+01
   4.2450683e+01
   4.2449480e+01
   4.2448242e+01
   4.2446971e+01
   4.2445665e+01
   4.2444324e+01
   4.2442950e+01
   4.2441543e+01
   4.2440102e+01
   4.2438627e+01
   4.2437120e+01
   4.2435579e+01
   4.2434006e+01
   4.2432401e+01
   4.2430763e+01
   4.2429093e+01
   4.2427392e+01
   4.2425659e+01
   4.2423894e+01
   4.2422099e+01
   4.2420272e+01
   4.2418415e+01
   4.2416527e+01
   4.2414609e+01
   4.2412661e+01
   4.2410683e+01
   4.2408676e+01
   4.2406639e+01
   4.2404574e+01
   4.2402479e+01
   4.2400356e+01
   4.2398204e+01
   4.2396025e+01
   4.2393817e+01
   4.2391582e+01
   4.2389320e+01
   4.2387031e+01
   4.2384714e+01
   4.2382371e+01
   4.2380002e+01
   4.2377607e+01
   4.2375186e+01
   4.2372739e+01
   4.2370267e+01
   4.2367770e+01
   4.2365248e+01
   4.2362702e+01
   4.2360132e+01
   4.2357537e+01
   4.2354919e+01
   4.2352278e+01
   4.2349613e+01
   4.2346926e+01
   4.2344216e+01
   4.2341483e+01
   4.2338729e+01
   4.2335953e+01
   4.2333155e+01
   4.2330336e+01
   4.2327497e+01
   4.2324637e+01
   4.2321756e+01
   4.2318855e+01
   4.2315935e+01
   4.2312995e+01
   4.2310036e+01
   4.2307058e+01
   4.2304062e+01
   4.2301047e+01
   4.2298014e+01
   4.2294964e+01
   4.2291896e+01
   4.2288811e+01
   4.2285709e+01
   4.2282590e+01
   4.2279456e+01
   4.2276305e+01
   4.2273139e+01
   4.2269957e+01
   4.2266761e+01
   4.2263549e+01
   4.2260324e+01
   4.2257084e+01
   4.2253830e+01
   4.2250563e+01
   4.2247282e+01
   4.2243989e+01
   4.2240683e+01
   4.2237364e+01
   4.2234034e+01
   4.2230692e+01
   4.2227338e+01
   4.2223974e+01
   4.2220598e+01
   4.2217212e+01
   4.2213816e+01
   4.2210410e+01
   4.2206995e+01
   4.2203570e+01
   4.2200137e+01
   4.2196694e+01
   4.2193243e+01
   4.2189785e+01
   4.2186318e+01
   4.2182844e+01
   4.2179363e+01
   4.2175876e+01
   4.2172381e+01
   4.2168881e+01
   4.2165374e+01
   4.2161862e+01
   4.2158345e+01
   4.2154823e+01
   4.2151296e+01
   4.2147764e+01
   4.2144229e+01
   4.2140690e+01
   4.2137147e+01
   4.2133602e+01
   4.2130053e+01
   4.2126502e+01
   4.2122948e+01
   4.2119393e+01
   4.2115836e+01
   4.2112278e+01
   4.2108718e+01
   4.2105158e+01
   4.2101598e+01
   4.2098037e+01
   4.2094476e+01
   4.2090916e+01
   4.2087357e+01
   4.2083799e+01
   4.2080242e+01
   4.2076686e+01
   4.2073133e+01
   4.2069582e+01
   4.2066033e+01
   4.2062487e+01
   4.2058944e+01
   4.2055405e+01
   4.2051869e+01
   4.2048337e+01
   4.2044809e+01
   4.2041286e+01
   4.2037768e+01
   4.2034255e+01
   4.2030747e+01
   4.2027245e+01
   4.2023749e+01
   4.2020259e+01
   4.2016775e+01
   4.2013298e+01
   4.2009829e+01
   4.2006366e+01
   4.2002912e+01
   4.1999465e+01
   4.1996026e+01
   4.1992595e+01
   4.1989174e+01
   4.1985761e+01
   4.1982357e+01
   4.1978963e+01
   4.1975579e+01
   4.1972204e+01
   4.1968840e+01
   4.1965487e+01
   4.1962144e+01
   4.1958812e+01
   4.1955491e+01
   4.1952182e+01
   4.1948885e+01
   4.1945600e+01
   4.1942327e+01
   4.1939066e+01
   4.1935819e+01
   4.1932584e+01
   4.1929363e+01
   4.1926155e+01
   4.1922961e+01
   4.1919781e+01
   4.1916615e+01
   4.1913463e+01
   4.1910327e+01
   4.1907205e+01
   4.1904098e+01
   4.1901006e+01
   4.1897931e+01
   4.1894871e+01
   4.1891827e+01
   4.1888799e+01
   4.1885788e+01
   4.1882793e+01
   4.1879815e+01
   4.1876855e+01
   4.1873912e+01
   4.1870986e+01
   4.1868078e+01
   4.1865188e+01
   4.1862316e+01
   4.1859462e+01
   4.1856627e+01
   4.1853811e+01
   4.1851014e+01
   4.1848236e+01
   4.1845477e+01
   4.1842737e+01
   4.1840018e+01
   4.1837318e+01
   4.1834638e+01
   4.1831978e+01
   4.1829339e+01
   4.1826721e+01
   4.1824123e+01
   4.1821546e+01
   4.1818990e+01
   4.1816456e+01
   4.1813943e+01
   4.1811451e+01
   4.1808982e+01
   4.1806534e+01
   4.1804108e+01
   4.1801705e+01
   4.1799324e+01
   4.1796965e+01
   4.1794629e+01
   4.1792316e+01
   4.1790026e+01
   4.1787759e+01
   4.1785516e+01
   4.1783295e+01
   4.1781099e+01
   4.1778925e+01
   4.1776776e+01
   4.1774651e+01
   4.1772549e+01
   4.1770472e+01
   4.1768419e+01
   4.1766390e+01
   4.1764386e+01
   4.1762407e+01
   4.1760452e+01
   4.1758522e+01
   4.1756617e+01
   4.1754737e+01
   4.1752883e+01
   4.1751053e+01
   4.1749249e+01
   4.1747470e+01
   4.1745717e+01
   4.1743990e+01
   4.1742288e+01
   4.1740612e+01
   4.1738961e+01
   4.1737337e+01
   4.1735739e+01
   4.1734167e+01
   4.1732621e+01
   4.1731102e+01
   4.1729608e+01
   4.1728141e+01
   4.1726701e+01
   4.1725287e+01
   4.1723900e+01
   4.1722539e+01
   4.1721205e+01
   4.1719897e+01
   4.1718617e+01
   4.1717363e+01
   4.1716136e+01
   4.1714936e+01
   4.1713763e+01
   4.1712617e+01
   4.1711498e+01
   4.1710406e+01
   4.1709341e+01
   4.1708304e+01
   4.1707293e+01
   4.1706310e+01
   4.1705353e+01
   4.1704424e+01
   4.1703523e+01
   4.1702648e+01
   4.1701801e+01
   4.1700980e+01
   4.1700188e+01
   4.1699422e+01
   4.1698684e+01
   4.1697972e+01
   4.1697289e+01
   4.1696632e+01
   4.1696003e+01
   4.1695401e+01
   4.1694826e+01
   4.1694278e+01
   4.1693757e+01
   4.1693264e+01
   4.1692798e+01
   4.1692359e+01
   4.1691947e+01
   4.1691562e+01
   4.1691204e+01
   4.1690873e+01
   4.1690569e+01
   4.1690292e+01
   4.1690042e+01
   4.1689818e+01
   4.1689622e+01
   4.1689452e+01
   4.1689309e+01
   4.1689193e+01
   4.1689103e+01
   4.1689040e+01
   4.1689003e+01
   4.1688993e+01
   4.1689009e+01
   4.1689051e+01
   4.1689120e+01
   4.1689214e+01
   4.1689335e+01
   4.1689482e+01
   4.1689655e+01
   4.1689854e+01
   4.1690078e+01
   4.1690329e+01
   4.1690604e+01
   4.1690906e+01
   4.1691233e+01
   4.1691585e+01
   4.1691963e+01
   4.1692365e+01
   4.1692793e+01
   4.1693246e+01
   4.1693724e+01
   4.1694226e+01
   4.1694754e+01
   4.1695306e+01
   4.1695882e+01
   4.1696483e+01
   4.1697108e+01
   4.1697757e+01
   4.1698430e+01
   4.1699128e+01
   4.1699849e+01
   4.1700593e+01
   4.1701362e+01
   4.1702154e+01
   4.1702969e+01
   4.1703807e+01
   4.1704669e+01
   4.1705553e+01
   4.1706460e+01
   4.1707390e+01
   4.1708343e+01
   4.1709317e+01
   4.1710315e+01
   4.1711334e+01
   4.1712375e+01
   4.1713439e+01
   4.1714524e+01
   4.1715630e+01
   4.1716758e+01
   4.1717907e+01
   4.1719078e+01
   4.1720269e+01
   4.1721481e+01
   4.1722714e+01
   4.1723968e+01
   4.1725241e+01
   4.1726535e+01
   4.1727850e+01
   4.1729184e+01
   4.1730537e+01
   4.1731910e+01
   4.1733303e+01
   4.1734715e+01
   4.1736146e+01
   4.1737596e+01
   4.1739065e+01
   4.1740552e+01
   4.1742057e+01
   4.1743581e+01
   4.1745123e+01
   4.1746683e+01
   4.1748260e+01
   4.1749855e+01
   4.1751467e+01
   4.1753097e+01
   4.1754743e+01
   4.1756406e+01
   4.1758086e+01
   4.1759782e+01
   4.1761495e+01
   4.1763223e+01
   4.1764968e+01
   4.1766728e+01
   4.1768503e+01
   4.1770294e+01
   4.1772100e+01
   4.1773921e+01
   4.1775757e+01
   4.1777607e+01
   4.1779472e+01
   4.1781351e+01
   4.1783243e+01
   4.1785150e+01
   4.1787070e+01
   4.1789003e+01
   4.1790950e+01
   4.1792910e+01
   4.1794882e+01
   4.1796867e+01
   4.1798864e+01
   4.1800874e+01
   4.1802896e+01
   4.1804929e+01
   4.1806974e+01
   4.1809030e+01
   4.1811097e+01
   4.1813176e+01
   4.1815265e+01
   4.1817365e+01
   4.1819475e+01
   4.1821595e+01
   4.1823725e+01
   4.1825865e+01
   4.1828015e+01
   4.1830174e+01
   4.1832342e+01
   4.1834518e+01
   4.1836704e+01
   4.1838898e+01
   4.1841100e+01
   4.1843311e+01
   4.1845529e+01
   4.1847755e+01
   4.1849989e+01
   4.1852230e+01
   4.1854477e+01
   4.1856732e+01
   4.1858993e+01
   4.1861261e+01
   4.1863535e+01
   4.1865815e+01
   4.1868100e+01
   4.1870392e+01
   4.1872688e+01
   4.1874990e+01
   4.1877297e+01
   4.1879609e+01
   4.1881925e+01
   4.1884245e+01
   4.1886570e+01
   4.1888898e+01
   4.1891230e+01
   4.1893566e+01
   4.1895905e+01
   4.1898247e+01
   4.1900592e+01
   4.1902940e+01
   4.1905290e+01
   4.1907643e+01
   4.1909997e+01
   4.1912354e+01
   4.1914712e+01
   4.1917071e+01
   4.1919432e+01
   4.1921794e+01
   4.1924156e+01
   4.1926519e+01
   4.1928883e+01
   4.1931247e+01
   4.1933611e+01
   4.1935975e+01
   4.1938338e+01
   4.1940701e+01
   4.1943063e+01
   4.1945425e+01
   4.1947785e+01
   4.1950143e+01
   4.1952500e+01
   4.1954856e+01
   4.1957209e+01
   4.1959560e+01
   4.1961909e+01
   4.1964256e+01
   4.1966600e+01
   4.1968940e+01
   4.1971278e+01
   4.1973612e+01
   4.1975943e+01
   4.1978271e+01
   4.1980594e+01
   4.1982913e+01
   4.1985229e+01
   4.1987539e+01
   4.1989846e+01
   4.1992147e+01
   4.1994443e+01
   4.1996735e+01
   4.1999020e+01
   4.2001301e+01
   4.2003576e+01
   4.2005844e+01
   4.2008107e+01
   4.2010364e+01
   4.2012614e+01
   4.2014858e+01
   4.2017095e+01
   4.2019325e+01
   4.2021547e+01
   4.2023763e+01
   4.2025971e+01
   4.2028172e+01
   4.2030365e+01
   4.2032550e+01
   4.2034727e+01
   4.2036895e+01
   4.2039055e+01
   4.2041207e+01
   4.2043350e+01
   4.2045484e+01
   4.2047609e+01
   4.2049725e+01
   4.2051831e+01
   4.2053928e+01
   4.2056015e+01
   4.2058092e+01
   4.2060159e+01
   4.2062217e+01
   4.2064264e+01
   4.2066300e+01
   4.2068326e+01
   4.2070341e+01
   4.2072346e+01
   4.2074339e+01
   4.2076321e+01
   4.2078292e+01
   4.2080252e+01
   4.2082200e+01
   4.2084136e+01
   4.2086061e+01
   4.2087973e+01
   4.2089874e+01
   4.2091762e+01
   4.2093638e+01
   4.2095501e+01
   4.2097352e+01
   4.2099190e+01
   4.2101015e+01
   4.2102827e+01
   4.2104627e+01
   4.2106413e+01
   4.2108185e+01
   4.2109944e+01
   4.2111690e+01
   4.2113422e+01
   4.2115140e+01
   4.2116844e+01
   4.2118535e+01
   4.2120211e+01
   4.2121873e+01
   4.2123521e+01
   4.2125154e+01
   4.2126773e+01
   4.2128377e+01
   4.2129966e+01
   4.2131541e+01
   4.2133100e+01
   4.2134645e+01
   4.2136174e+01
   4.2137689e+01
   4.2139188e+01
   4.2140671e+01
   4.2142140e+01
   4.2143592e+01
   4.2145029e+01
   4.2146451e+01
   4.2147856e+01
   4.2149246e+01
   4.2150620e+01
   4.2151977e+01
   4.2153319e+01
   4.2154644e+01
   4.2155954e+01
   4.2157246e+01
   4.2158523e+01
   4.2159783e+01
   4.2161027e+01
   4.2162254e+01
   4.2163464e+01
   4.2164658e+01
   4.2165835e+01
   4.2166995e+01
   4.2168138e+01
   4.2169264e+01
   4.2170374e+01
   4.2171466e+01
   4.2172541e+01
   4.2173599e+01
   4.2174640e+01
   4.2175664e+01
   4.2176670e+01
   4.2177660e+01
   4.2178631e+01
   4.2179586e+01
   4.2180523e+01
   4.2181442e+01
   4.2182345e+01
   4.2183229e+01
   4.2184096e+01
   4.2184946e+01
   4.2185777e+01
   4.2186592e+01
   4.2187388e+01
   4.2188167e+01
   4.2188928e+01
   4.2189672e+01
   4.2190397e+01
   4.2191105e+01
   4.2191796e+01
   4.2192468e+01
   4.2193122e+01
   4.2193759e+01
   4.2194378e+01
   4.2194979e+01
   4.2195563e+01
   4.2196128e+01
   4.2196676e+01
   4.2197205e+01
   4.2197717e+01
   4.2198211e+01
   4.2198687e+01
   4.2199146e+01
   4.2199586e+01
   4.2200009e+01
   4.2200414e+01
   4.2200801e+01
   4.2201170e+01
   4.2201522e+01
   4.2201855e+01
   4.2202171e+01
   4.2202469e+01
   4.2202750e+01
   4.2203013e+01
   4.2203258e+01
   4.2203485e+01
   4.2203695e+01
   4.2203887e+01
   4.2204062e+01
   4.2204219e+01
   4.2204358e+01
   4.2204480e+01
   4.2204585e+01
   4.2204672e+01
   4.2204742e+01
   4.2204794e+01
   4.2204829e+01
   4.2204847e+01
   4.2204847e+01
   4.2204831e+01
   4.2204797e+01
   4.2204746e+01
   4.2204678e+01
   4.2204593e+01
   4.2204491e+01
   4.2204372e+01
   4.2204236e+01
   4.2204084e+01
   4.2203915e+01
   4.2203729e+01
   4.2203526e+01
   4.2203307e+01
   4.2203071e+01
   4.2202819e+01
   4.2202550e+01
   4.2202265e+01
   4.2201964e+01
   4.2201646e+01
   4.2201312e+01
   4.2200963e+01
   4.2200597e+01
   4.2200215e+01
   4.2199817e+01
   4.2199404e+01
   4.2198975e+01
   4.2198530e+01
   4.2198069e+01
   4.2197593e+01
   4.2197102e+01
   4.2196595e+01
   4.2196073e+01
   4.2195536e+01
   4.2194984e+01
   4.2194417e+01
   4.2193834e+01
   4.2193237e+01
   4.2192625e+01
   4.2191999e+01
   4.2191357e+01
   4.2190702e+01
   4.2190031e+01
   4.2189347e+01
   4.2188648e+01
   4.2187935e+01
   4.2187208e+01
   4.2186467e+01
   4.2185713e+01
   4.2184944e+01
   4.2184162e+01
   4.2183366e+01
   4.2182557e+01
   4.2181734e+01
   4.2180898e+01
   4.2180049e+01
   4.2179187e+01
   4.2178312e+01
   4.2177424e+01
   4.2176523e+01
   4.2175610e+01
   4.2174684e+01
   4.2173746e+01
   4.2172795e+01
   4.2171832e+01
   4.2170857e+01
   4.2169870e+01
   4.2168871e+01
   4.2167860e+01
   4.2166838e+01
   4.2165804e+01
   4.2164759e+01
   4.2163702e+01
   4.2162634e+01
   4.2161555e+01
   4.2160466e+01
   4.2159365e+01
   4.2158253e+01
   4.2157131e+01
   4.2155999e+01
   4.2154856e+01
   4.2153702e+01
   4.2152539e+01
   4.2151366e+01
   4.2150182e+01
   4.2148989e+01
   4.2147787e+01
   4.2146574e+01
   4.2145353e+01
   4.2144122e+01
   4.2142882e+01
   4.2141633e+01
   4.2140375e+01
   4.2139108e+01
   4.2137832e+01
   4.2136548e+01
   4.2135256e+01
   4.2133956e+01
   4.2132647e+01
   4.2131330e+01
   4.2130006e+01
   4.2128673e+01
   4.2127333e+01
   4.2125986e+01
   4.2124631e+01
   4.2123269e+01
   4.2121900e+01
   4.2120524e+01
   4.2119141e+01
   4.2117751e+01
   4.2116355e+01
   4.2114952e+01
   4.2113543e+01
   4.2112128e+01
   4.2110707e+01
   4.2109280e+01
   4.2107847e+01
   4.2106409e+01
   4.2104965e+01
   4.2103516e+01
   4.2102061e+01
   4.2100602e+01
   4.2099137e+01
   4.2097668e+01
   4.2096193e+01
   4.2094715e+01
   4.2093232e+01
   4.2091744e+01
   4.2090253e+01
   4.2088757e+01
   4.2087258e+01
   4.2085754e+01
   4.2084247e+01
   4.2082737e+01
   4.2081223e+01
   4.2079707e+01
   4.2078187e+01
   4.2076664e+01
   4.2075138e+01
   4.2073610e+01
   4.2072079e+01
   4.2070545e+01
   4.2069010e+01
   4.2067472e+01
   4.2065932e+01
   4.2064391e+01
   4.2062847e+01
   4.2061302e+01
   4.2059756e+01
   4.2058208e+01
   4.2056659e+01
   4.2055109e+01
   4.2053558e+01
   4.2052006e+01
   4.2050454e+01
   4.2048901e+01
   4.2047347e+01
   4.2045794e+01
   4.2044240e+01
   4.2042686e+01
   4.2041132e+01
   4.2039579e+01
   4.2038025e+01
   4.2036473e+01
   4.2034921e+01
   4.2033369e+01
   4.2031819e+01
   4.2030270e+01
   4.2028722e+01
   4.2027175e+01
   4.2025629e+01
   4.2024085e+01
   4.2022543e+01
   4.2021002e+01
   4.2019464e+01
   4.2017927e+01
   4.2016392e+01
   4.2014860e+01
   4.2013330e+01
   4.2011803e+01
   4.2010278e+01
   4.2008756e+01
   4.2007237e+01
   4.2005721e+01
   4.2004209e+01
   4.2002699e+01
   4.2001193e+01
   4.1999690e+01
   4.1998191e+01
   4.1996695e+01
   4.1995204e+01
   4.1993716e+01
   4.1992232e+01
   4.1990753e+01
   4.1989278e+01
   4.1987807e+01
   4.1986341e+01
   4.1984879e+01
   4.1983423e+01
   4.1981971e+01
   4.1980524e+01
   4.1979082e+01
   4.1977645e+01
   4.1976214e+01
   4.1974788e+01
   4.1973367e+01
   4.1971953e+01
   4.1970544e+01
   4.1969140e+01
   4.1967743e+01
   4.1966352e+01
   4.1964967e+01
   4.1963588e+01
   4.1962215e+01
   4.1960849e+01
   4.1959489e+01
   4.1958137e+01
   4.1956790e+01
   4.1955451e+01
   4.1954119e+01
   4.1952793e+01
   4.1951475e+01
   4.1950164e+01
   4.1948861e+01
   4.1947564e+01
   4.1946276e+01
   4.1944994e+01
   4.1943721e+01
   4.1942455e+01
   4.1941197e+01
   4.1939947e+01
   4.1938706e+01
   4.1937472e+01
   4.1936246e+01
   4.1935029e+01
   4.1933820e+01
   4.1932620e+01
   4.1931428e+01
   4.1930245e+01
   4.1929070e+01
   4.1927904e+01
   4.1926747e+01
   4.1925599e+01
   4.1924460e+01
   4.1923330e+01
   4.1922210e+01
   4.1921098e+01
   4.1919996e+01
   4.1918903e+01
   4.1917819e+01
   4.1916746e+01
   4.1915681e+01
   4.1914626e+01
   4.1913581e+01
   4.1912546e+01
   4.1911521e+01
   4.1910505e+01
   4.1909500e+01
   4.1908504e+01
   4.1907519e+01
   4.1906544e+01
   4.1905578e+01
   4.1904624e+01
   4.1903679e+01
   4.1902745e+01
   4.1901821e+01
   4.1900908e+01
   4.1900005e+01
   4.1899113e+01
   4.1898232e+01
   4.1897361e+01
   4.1896501e+01
   4.1895652e+01
   4.1894813e+01
   4.1893986e+01
   4.1893169e+01
   4.1892364e+01
   4.1891569e+01
   4.1890785e+01
   4.1890013e+01
   4.1889251e+01
   4.1888501e+01
   4.1887762e+01
   4.1887034e+01
   4.1886317e+01
   4.1885612e+01
   4.1884918e+01
   4.1884236e+01
   4.1883564e+01
   4.1882905e+01
   4.1882256e+01
   4.1881619e+01
   4.1880994e+01
   4.1880380e+01
   4.1879778e+01
   4.1879187e+01
   4.1878608e+01
   4.1878041e+01
   4.1877485e+01
   4.1876941e+01
   4.1876409e+01
   4.1875888e+01
   4.1875379e+01
   4.1874882e+01
   4.1874396e+01
   4.1873922e+01
   4.1873460e+01
   4.1873010e+01
   4.1872572e+01
   4.1872145e+01
   4.1871730e+01
   4.1871327e+01
   4.1870936e+01
   4.1870557e+01
   4.1870189e+01
   4.1869834e+01
   4.1869490e+01
   4.1869158e+01
   4.1868838e+01
   4.1868530e+01
   4.1868233e+01
   4.1867948e+01
   4.1867676e+01
   4.1867415e+01
   4.1867166e+01
   4.1866928e+01
   4.1866703e+01
   4.1866489e+01
   4.1866287e+01
   4.1866097e+01
   4.1865918e+01
   4.1865752e+01
   4.1865597e+01
   4.1865453e+01
   4.1865322e+01
   4.1865202e+01
   4.1865094e+01
   4.1864997e+01
   4.1864912e+01
   4.1864839e+01
   4.1864777e+01
   4.1864727e+01
   4.1864689e+01
   4.1864662e+01
   4.1864646e+01
   4.1864642e+01
   4.1864649e+01
   4.1864668e+01
   4.1864698e+01
   4.1864740e+01
   4.1864792e+01
   4.1864857e+01
   4.1864932e+01
   4.1865018e+01
   4.1865116e+01
   4.1865225e+01
   4.1865345e+01
   4.1865476e+01
   4.1865619e+01
   4.1865772e+01
   4.1865936e+01
   4.1866111e+01
   4.1866297e+01
   4.1866494e+01
   4.1866701e+01
   4.1866920e+01
   4.1867149e+01
   4.1867389e+01
   4.1867639e+01
   4.1867900e+01
   4.1868171e+01
   4.1868453e+01
   4.1868746e+01
   4.1869049e+01
   4.1869362e+01
   4.1869685e+01
   4.1870019e+01
   4.1870363e+01
   4.1870717e+01
   4.1871081e+01
   4.1871455e+01
   4.1871839e+01
   4.1872232e+01
   4.1872636e+01
   4.1873050e+01
   4.1873473e+01
   4.1873906e+01
   4.1874348e+01
   4.1874800e+01
   4.1875262e+01
   4.1875733e+01
   4.1876213e+01
   4.1876703e+01
   4.1877202e+01
   4.1877710e+01
   4.1878227e+01
   4.1878753e+01
   4.1879288e+01
   4.1879832e+01
   4.1880385e+01
   4.1880947e+01
   4.1881517e+01
   4.1882097e+01
   4.1882684e+01
   4.1883280e+01
   4.1883885e+01
   4.1884498e+01
   4.1885119e+01
   4.1885748e+01
   4.1886386e+01
   4.1887031e+01
   4.1887685e+01
   4.1888346e+01
   4.1889015e+01
   4.1889692e+01
   4.1890377e+01
   4.1891069e+01
   4.1891769e+01
   4.1892476e+01
   4.1893191e+01
   4.1893913e+01
   4.1894642e+01
   4.1895379e+01
   4.1896122e+01
   4.1896872e+01
   4.1897630e+01
   4.1898394e+01
   4.1899165e+01
   4.1899942e+01
   4.1900726e+01
   4.1901517e+01
   4.1902314e+01
   4.1903117e+01
   4.1903926e+01
   4.1904742e+01
   4.1905564e+01
   4.1906392e+01
   4.1907225e+01
   4.1908065e+01
   4.1908910e+01
   4.1909761e+01
   4.1910617e+01
   4.1911479e+01
   4.1912346e+01
   4.1913219e+01
   4.1914097e+01
   4.1914980e+01
   4.1915868e+01
   4.1916761e+01
   4.1917659e+01
   4.1918561e+01
   4.1919469e+01
   4.1920380e+01
   4.1921297e+01
   4.1922218e+01
   4.1923143e+01
   4.1924072e+01
   4.1925006e+01
   4.1925944e+01
   4.1926885e+01
   4.1927831e+01
   4.1928780e+01
   4.1929733e+01
   4.1930690e+01
   4.1931650e+01
   4.1932614e+01
   4.1933581e+01
   4.1934552e+01
   4.1935525e+01
   4.1936502e+01
   4.1937481e+01
   4.1938464e+01
   4.1939449e+01
   4.1940437e+01
   4.1941428e+01
   4.1942421e+01
   4.1943417e+01
   4.1944415e+01
   4.1945415e+01
   4.1946418e+01
   4.1947422e+01
   4.1948429e+01
   4.1949437e+01
   4.1950448e+01
   4.1951460e+01
   4.1952474e+01
   4.1953489e+01
   4.1954506e+01
   4.1955524e+01
   4.1956543e+01
   4.1957564e+01
   4.1958586e+01
   4.1959608e+01
   4.1960632e+01
   4.1961657e+01
   4.1962682e+01
   4.1963708e+01
   4.1964734e+01
   4.1965761e+01
   4.1966789e+01
   4.1967817e+01
   4.1968845e+01
   4.1969873e+01
   4.1970901e+01
   4.1971929e+01
   4.1972957e+01
   4.1973985e+01
   4.1975012e+01
   4.1976039e+01
   4.1977066e+01
   4.1978092e+01
   4.1979118e+01
   4.1980142e+01
   4.1981166e+01
   4.1982189e+01
   4.1983211e+01
   4.1984232e+01
   4.1985252e+01
   4.1986271e+01
   4.1987288e+01
   4.1988304e+01
   4.1989319e+01
   4.1990331e+01
   4.1991343e+01
   4.1992352e+01
   4.1993360e+01
   4.1994366e+01
   4.1995370e+01
   4.1996372e+01
   4.1997371e+01
   4.1998369e+01
   4.1999364e+01
   4.2000357e+01
   4.2001347e+01
   4.2002335e+01
   4.2003321e+01
   4.2004303e+01
   4.2005283e+01
   4.2006260e+01
   4.2007235e+01
   4.2008206e+01
   4.2009174e+01
   4.2010139e+01
   4.2011101e+01
   4.2012060e+01
   4.2013015e+01
   4.2013967e+01
   4.2014915e+01
   4.2015860e+01
   4.2016801e+01
   4.2017739e+01
   4.2018673e+01
   4.2019602e+01
   4.2020528e+01
   4.2021450e+01
   4.2022368e+01
   4.2023282e+01
   4.2024192e+01
   4.2025098e+01
   4.2025999e+01
   4.2026895e+01
   4.2027788e+01
   4.2028676e+01
   4.2029559e+01
   4.2030437e+01
   4.2031311e+01
   4.2032181e+01
   4.2033045e+01
   4.2033904e+01
   4.2034759e+01
   4.2035609e+01
   4.2036453e+01
   4.2037292e+01
   4.2038127e+01
   4.2038956e+01
   4.2039779e+01
   4.2040598e+01
   4.2041410e+01
   4.2042218e+01
   4.2043020e+01
   4.2043816e+01
   4.2044607e+01
   4.2045392e+01
   4.2046171e+01
   4.2046945e+01
   4.2047713e+01
   4.2048475e+01
   4.2049231e+01
   4.2049981e+01
   4.2050725e+01
   4.2051462e+01
   4.2052194e+01
   4.2052920e+01
   4.2053639e+01
   4.2054352e+01
   4.2055059e+01
   4.2055760e+01
   4.2056454e+01
   4.2057141e+01
   4.2057822e+01
   4.2058497e+01
   4.2059165e+01
   4.2059827e+01
   4.2060481e+01
   4.2061130e+01
   4.2061771e+01
   4.2062406e+01
   4.2063034e+01
   4.2063655e+01
   4.2064269e+01
   4.2064876e+01
   4.2065477e+01
   4.2066070e+01
   4.2066656e+01
   4.2067236e+01
   4.2067808e+01
   4.2068373e+01
   4.2068932e+01
   4.2069482e+01
   4.2070026e+01
   4.2070563e+01
   4.2071092e+01
   4.2071614e+01
   4.2072129e+01
   4.2072636e+01
   4.2073136e+01
   4.2073629e+01
   4.2074115e+01
   4.2074593e+01
   4.2075063e+01
   4.2075526e+01
   4.2075982e+01
   4.2076430e+01
   4.2076870e+01
   4.2077303e+01
   4.2077729e+01
   4.2078147e+01
   4.2078557e+01
   4.2078960e+01
   4.2079355e+01
   4.2079742e+01
   4.2080122e+01
   4.2080494e+01
   4.2080859e+01
   4.2081215e+01
   4.2081565e+01
   4.2081906e+01
   4.2082240e+01
   4.2082566e+01
   4.2082884e+01
   4.2083194e+01
   4.2083497e+01
   4.2083792e+01
   4.2084079e+01
   4.2084359e+01
   4.2084630e+01
   4.2084894e+01
   4.2085150e+01
   4.2085398e+01
   4.2085639e+01
   4.2085872e+01
   4.2086097e+01
   4.2086314e+01
   4.2086523e+01
   4.2086725e+01
   4.2086919e+01
   4.2087105e+01
   4.2087283e+01
   4.2087453e+01
   4.2087616e+01
   4.2087771e+01
   4.2087918e+01
   4.2088058e+01
   4.2088189e+01
   4.2088313e+01
   4.2088430e+01
   4.2088538e+01
   4.2088639e+01
   4.2088732e+01
   4.2088818e+01
   4.2088895e+01
   4.2088965e+01
   4.2089028e+01
   4.2089083e+01
   4.2089130e+01
   4.2089169e+01
   4.2089201e+01
   4.2089226e+01
   4.2089242e+01
   4.2089252e+01
   4.2089253e+01
   4.2089248e+01
   4.2089234e+01
   4.2089214e+01
   4.2089185e+01
   4.2089150e+01
   4.2089107e+01
   4.2089056e+01
   4.2088998e+01
   4.2088933e+01
   4.2088861e+01
   4.2088781e+01
   4.2088694e+01
   4.2088600e+01
   4.2088498e+01
   4.2088389e+01
   4.2088274e+01
   4.2088150e+01
   4.2088020e+01
   4.2087883e+01
   4.2087739e+01
   4.2087587e+01
   4.2087429e+01
   4.2087264e+01
   4.2087092e+01
   4.2086912e+01
   4.2086726e+01
   4.2086533e+01
   4.2086334e+01
   4.2086127e+01
   4.2085914e+01
   4.2085694e+01
   4.2085468e+01
   4.2085234e+01
   4.2084994e+01
   4.2084748e+01
   4.2084495e+01
   4.2084236e+01
   4.2083970e+01
   4.2083697e+01
   4.2083419e+01
   4.2083133e+01
   4.2082842e+01
   4.2082544e+01
   4.2082241e+01
   4.2081931e+01
   4.2081614e+01
   4.2081292e+01
   4.2080964e+01
   4.2080629e+01
   4.2080289e+01
   4.2079943e+01
   4.2079590e+01
   4.2079232e+01
   4.2078869e+01
   4.2078499e+01
   4.2078124e+01
   4.2077743e+01
   4.2077356e+01
   4.2076964e+01
   4.2076566e+01
   4.2076163e+01
   4.2075754e+01
   4.2075340e+01
   4.2074921e+01
   4.2074496e+01
   4.2074067e+01
   4.2073631e+01
   4.2073191e+01
   4.2072746e+01
   4.2072296e+01
   4.2071840e+01
   4.2071380e+01
   4.2070915e+01
   4.2070445e+01
   4.2069970e+01
   4.2069490e+01
   4.2069006e+01
   4.2068517e+01
   4.2068023e+01
   4.2067525e+01
   4.2067023e+01
   4.2066516e+01
   4.2066004e+01
   4.2065489e+01
   4.2064969e+01
   4.2064445e+01
   4.2063916e+01
   4.2063384e+01
   4.2062847e+01
   4.2062307e+01
   4.2061762e+01
   4.2061214e+01
   4.2060662e+01
   4.2060106e+01
   4.2059546e+01
   4.2058983e+01
   4.2058416e+01
   4.2057846e+01
   4.2057272e+01
   4.2056694e+01
   4.2056114e+01
   4.2055529e+01
   4.2054942e+01
   4.2054351e+01
   4.2053758e+01
   4.2053161e+01
   4.2052561e+01
   4.2051958e+01
   4.2051352e+01
   4.2050744e+01
   4.2050132e+01
   4.2049518e+01
