0.0	0.29	-0.76966281	0	29
1.0	0.29	0.23033719	1	29
0.0	0.29	-0.76966281	1	29
1.0	0.29	0.23033719	2	29
1.0	0.29	0.23033719	3	29
1.0	0.29	0.23033719	4	29
1.0	0.29	0.23033719	5	29
0.0	0.29	-0.76966281	5	29
0.0	0.29	-0.76966281	5	29
0.0	0.29	-0.76966281	5	29
1.0	0.29	0.23033719	6	29
1.0	0.29	0.23033719	7	29
1.0	0.29	0.23033719	8	29
0.0	0.29	-0.76966281	8	29
1.0	0.29	0.23033719	9	29
1.0	0.29	0.23033719	10	29
1.0	0.29	0.23033719	11	29
0.0	0.29	-0.76966281	11	29
1.0	0.29	0.23033719	12	29
1.0	0.29	0.23033719	13	29
1.0	0.31	0.21900199	14	31
1.0	0.31	0.21900199	15	31
1.0	0.31	0.21900199	16	31
1.0	0.31	0.21900199	17	31
0.0	0.31	-0.78099801	17	31
1.0	0.31	0.21900199	18	31
1.0	0.31	0.21900199	19	31
1.0	0.31	0.21900199	20	31
1.0	0.31	0.21900199	21	31
1.0	0.31	0.21900199	22	31
0.0	0.31	-0.78099801	22	31
1.0	0.31	0.21900199	23	31
1.0	0.31	0.21900199	24	31
0.0	0.31	-0.78099801	24	31
0.333333333333	0.31	-0.447664676667	24	31
1.0	0.31	0.21900199	25	31
1.0	0.31	0.21900199	26	31
1.0	0.31	0.21900199	27	31
1.0	0.31	0.21900199	28	31
1.0	0.31	0.21900199	29	31
1.0	0.32	0.21312016	30	32
1.0	0.32	0.21312016	31	32
1.0	0.32	0.21312016	32	32
1.0	0.32	0.21312016	33	32
1.0	0.32	0.21312016	34	32
1.0	0.32	0.21312016	35	32
0.0	0.32	-0.78687984	35	32
1.0	0.32	0.21312016	36	32
1.0	0.32	0.21312016	37	32
1.0	0.32	0.21312016	38	32
1.0	0.32	0.21312016	39	32
1.0	0.32	0.21312016	40	32
1.0	0.32	0.21312016	41	32
1.0	0.32	0.21312016	42	32
1.0	0.32	0.21312016	43	32
1.0	0.32	0.21312016	44	32
0.0	0.32	-0.78687984	44	32
1.0	0.32	0.21312016	45	32
1.0	0.32	0.21312016	46	32
1.0	0.32	0.21312016	47	32
1.0	0.33	0.20709551	48	33
1.0	0.33	0.20709551	49	33
1.0	0.33	0.20709551	50	33
1.0	0.33	0.20709551	51	33
1.0	0.33	0.20709551	52	33
1.0	0.33	0.20709551	53	33
1.0	0.33	0.20709551	54	33
0.0	0.33	-0.79290449	54	33
1.0	0.33	0.20709551	55	33
1.0	0.33	0.20709551	56	33
0.0	0.33	-0.79290449	56	33
1.0	0.33	0.20709551	57	33
1.0	0.33	0.20709551	58	33
1.0	0.33	0.20709551	59	33
1.0	0.33	0.20709551	60	33
1.0	0.33	0.20709551	61	33
1.0	0.33	0.20709551	62	33
1.0	0.33	0.20709551	63	33
1.0	0.33	0.20709551	64	33
1.0	0.33	0.20709551	65	33
1.0	0.34	0.20092804	66	34
1.0	0.34	0.20092804	67	34
1.0	0.34	0.20092804	68	34
1.0	0.34	0.20092804	69	34
1.0	0.34	0.20092804	70	34
1.0	0.34	0.20092804	71	34
1.0	0.34	0.20092804	72	34
1.0	0.34	0.20092804	73	34
0.0	0.34	-0.79907196	73	34
1.0	0.34	0.20092804	74	34
1.0	0.34	0.20092804	75	34
1.0	0.34	0.20092804	76	34
1.0	0.34	0.20092804	77	34
1.0	0.34	0.20092804	78	34
1.0	0.34	0.20092804	79	34
0.333333333333	0.34	-0.465738626667	79	34
1.0	0.34	0.20092804	80	34
1.0	0.34	0.20092804	81	34
1.0	0.34	0.20092804	82	34
0.0	0.34	-0.79907196	82	34
1.0	0.34	0.20092804	83	34
1.0	0.34	0.20092804	84	34
1.0	0.34	0.20092804	85	34
1.0	0.34	0.20092804	86	34
1.0	0.34	0.20092804	87	34
0.0	0.34	-0.79907196	87	34
1.0	0.34	0.20092804	88	34
1.0	0.34	0.20092804	89	34
0.0	0.34	-0.79907196	89	34
1.0	0.34	0.20092804	90	34
1.0	0.34	0.20092804	91	34
0.0	0.34	-0.79907196	91	34
1.0	0.34	0.20092804	92	34
1.0	0.34	0.20092804	93	34
1.0	0.34	0.20092804	94	34
1.0	0.34	0.20092804	95	34
0.0	0.34	-0.79907196	95	34
1.0	0.34	0.20092804	96	34
1.0	0.34	0.20092804	97	34
1.0	0.34	0.20092804	98	34
0.0	0.34	-0.79907196	98	34
1.0	0.34	0.20092804	99	34
1.0	0.34	0.20092804	100	34
1.0	0.34	0.20092804	101	34
1.0	0.34	0.20092804	102	34
1.0	0.34	0.20092804	103	34
1.0	0.34	0.20092804	104	34
1.0	0.34	0.20092804	105	34
1.0	0.34	0.20092804	106	34
1.0	0.34	0.20092804	107	34
0.0	0.34	-0.79907196	107	34
1.0	0.34	0.20092804	108	34
1.0	0.34	0.20092804	109	34
1.0	0.34	0.20092804	110	34
1.0	0.34	0.20092804	111	34
0.0	0.34	-0.79907196	111	34
1.0	0.34	0.20092804	112	34
1.0	0.34	0.20092804	113	34
1.0	0.34	0.20092804	114	34
1.0	0.34	0.20092804	115	34
1.0	0.35	0.19461775	116	35
1.0	0.35	0.19461775	117	35
1.0	0.35	0.19461775	118	35
1.0	0.35	0.19461775	119	35
1.0	0.35	0.19461775	120	35
0.0	0.35	-0.80538225	120	35
1.0	0.35	0.19461775	121	35
1.0	0.35	0.19461775	122	35
1.0	0.35	0.19461775	123	35
1.0	0.35	0.19461775	124	35
1.0	0.35	0.19461775	125	35
1.0	0.35	0.19461775	126	35
1.0	0.35	0.19461775	127	35
0.0	0.35	-0.80538225	127	35
1.0	0.35	0.19461775	128	35
0.0	0.35	-0.80538225	128	35
0.0	0.35	-0.80538225	128	35
1.0	0.35	0.19461775	129	35
1.0	0.35	0.19461775	130	35
1.0	0.35	0.19461775	131	35
1.0	0.36	0.18816464	132	36
1.0	0.36	0.18816464	133	36
1.0	0.36	0.18816464	134	36
1.0	0.36	0.18816464	135	36
1.0	0.36	0.18816464	136	36
1.0	0.36	0.18816464	137	36
1.0	0.36	0.18816464	138	36
0.0	0.36	-0.81183536	138	36
1.0	0.36	0.18816464	139	36
1.0	0.36	0.18816464	140	36
1.0	0.36	0.18816464	141	36
1.0	0.36	0.18816464	142	36
1.0	0.36	0.18816464	143	36
1.0	0.36	0.18816464	144	36
0.0	0.36	-0.81183536	144	36
1.0	0.36	0.18816464	145	36
1.0	0.36	0.18816464	146	36
0.0	0.36	-0.81183536	146	36
1.0	0.36	0.18816464	147	36
1.0	0.36	0.18816464	148	36
0.0	0.36	-0.81183536	148	36
1.0	0.36	0.18816464	149	36
1.0	0.36	0.18816464	150	36
0.0	0.36	-0.81183536	150	36
1.0	0.36	0.18816464	151	36
1.0	0.36	0.18816464	152	36
1.0	0.36	0.18816464	153	36
0.0	0.36	-0.81183536	153	36
1.0	0.36	0.18816464	154	36
1.0	0.36	0.18816464	155	36
0.0	0.36	-0.81183536	155	36
1.0	0.36	0.18816464	156	36
1.0	0.36	0.18816464	157	36
1.0	0.36	0.18816464	158	36
0.0	0.36	-0.81183536	158	36
1.0	0.36	0.18816464	159	36
0.0	0.36	-0.81183536	159	36
1.0	0.36	0.18816464	160	36
0.0	0.36	-0.81183536	160	36
0.0	0.36	-0.81183536	160	36
1.0	0.37	0.18156871	161	37
1.0	0.37	0.18156871	162	37
1.0	0.37	0.18156871	163	37
1.0	0.37	0.18156871	164	37
1.0	0.37	0.18156871	165	37
1.0	0.37	0.18156871	166	37
1.0	0.37	0.18156871	167	37
1.0	0.37	0.18156871	168	37
1.0	0.37	0.18156871	169	37
1.0	0.37	0.18156871	170	37
1.0	0.37	0.18156871	171	37
1.0	0.37	0.18156871	172	37
1.0	0.37	0.18156871	173	37
1.0	0.37	0.18156871	174	37
1.0	0.37	0.18156871	175	37
1.0	0.37	0.18156871	176	37
1.0	0.37	0.18156871	177	37
1.0	0.37	0.18156871	178	37
0.0	0.37	-0.81843129	178	37
1.0	0.37	0.18156871	179	37
1.0	0.37	0.18156871	180	37
1.0	0.37	0.18156871	181	37
0.0	0.37	-0.81843129	181	37
1.0	0.37	0.18156871	182	37
1.0	0.37	0.18156871	183	37
0.0	0.37	-0.81843129	183	37
1.0	0.37	0.18156871	184	37
0.0	0.37	-0.81843129	184	37
1.0	0.37	0.18156871	185	37
1.0	0.37	0.18156871	186	37
0.0	0.37	-0.81843129	186	37
1.0	0.37	0.18156871	187	37
0.0	0.37	-0.81843129	187	37
1.0	0.37	0.18156871	188	37
1.0	0.37	0.18156871	189	37
1.0	0.37	0.18156871	190	37
1.0	0.37	0.18156871	191	37
0.0	0.37	-0.81843129	191	37
1.0	0.37	0.18156871	192	37
1.0	0.37	0.18156871	193	37
1.0	0.37	0.18156871	194	37
1.0	0.37	0.18156871	195	37
1.0	0.37	0.18156871	196	37
1.0	0.37	0.18156871	197	37
1.0	0.37	0.18156871	198	37
1.0	0.37	0.18156871	199	37
1.0	0.37	0.18156871	200	37
0.0	0.37	-0.81843129	200	37
1.0	0.37	0.18156871	201	37
1.0	0.37	0.18156871	202	37
1.0	0.37	0.18156871	203	37
1.0	0.37	0.18156871	204	37
1.0	0.37	0.18156871	205	37
1.0	0.37	0.18156871	206	37
0.0	0.37	-0.81843129	206	37
0.0	0.37	-0.81843129	206	37
0.0	0.37	-0.81843129	206	37
0.0	0.37	-0.81843129	206	37
1.0	0.37	0.18156871	207	37
0.0	0.37	-0.81843129	207	37
0.0	0.37	-0.81843129	207	37
1.0	0.37	0.18156871	208	37
1.0	0.37	0.18156871	209	37
1.0	0.37	0.18156871	210	37
1.0	0.37	0.18156871	211	37
1.0	0.37	0.18156871	212	37
1.0	0.37	0.18156871	213	37
1.0	0.37	0.18156871	214	37
1.0	0.37	0.18156871	215	37
1.0	0.37	0.18156871	216	37
1.0	0.37	0.18156871	217	37
1.0	0.37	0.18156871	218	37
0.0	0.37	-0.81843129	218	37
1.0	0.37	0.18156871	219	37
1.0	0.37	0.18156871	220	37
1.0	0.37	0.18156871	221	37
1.0	0.37	0.18156871	222	37
1.0	0.37	0.18156871	223	37
0.0	0.37	-0.81843129	223	37
1.0	0.37	0.18156871	224	37
1.0	0.37	0.18156871	225	37
1.0	0.37	0.18156871	226	37
1.0	0.37	0.18156871	227	37
1.0	0.37	0.18156871	228	37
1.0	0.37	0.18156871	229	37
1.0	0.37	0.18156871	230	37
1.0	0.37	0.18156871	231	37
1.0	0.37	0.18156871	232	37
1.0	0.37	0.18156871	233	37
1.0	0.37	0.18156871	234	37
0.0	0.37	-0.81843129	234	37
1.0	0.37	0.18156871	235	37
1.0	0.37	0.18156871	236	37
1.0	0.37	0.18156871	237	37
1.0	0.37	0.18156871	238	37
1.0	0.37	0.18156871	239	37
1.0	0.37	0.18156871	240	37
1.0	0.37	0.18156871	241	37
1.0	0.37	0.18156871	242	37
0.0	0.37	-0.81843129	242	37
0.0	0.37	-0.81843129	242	37
1.0	0.37	0.18156871	243	37
0.0	0.37	-0.81843129	243	37
1.0	0.37	0.18156871	244	37
1.0	0.37	0.18156871	245	37
0.0	0.37	-0.81843129	245	37
1.0	0.37	0.18156871	246	37
1.0	0.37	0.18156871	247	37
0.0	0.37	-0.81843129	247	37
1.0	0.37	0.18156871	248	37
1.0	0.37	0.18156871	249	37
1.0	0.37	0.18156871	250	37
1.0	0.37	0.18156871	251	37
1.0	0.37	0.18156871	252	37
1.0	0.37	0.18156871	253	37
1.0	0.37	0.18156871	254	37
1.0	0.37	0.18156871	255	37
1.0	0.37	0.18156871	256	37
1.0	0.37	0.18156871	257	37
1.0	0.37	0.18156871	258	37
0.0	0.37	-0.81843129	258	37
1.0	0.37	0.18156871	259	37
0.0	0.37	-0.81843129	259	37
1.0	0.37	0.18156871	260	37
0.0	0.37	-0.81843129	260	37
1.0	0.37	0.18156871	261	37
1.0	0.37	0.18156871	262	37
1.0	0.37	0.18156871	263	37
1.0	0.37	0.18156871	264	37
1.0	0.37	0.18156871	265	37
1.0	0.37	0.18156871	266	37
0.0	0.37	-0.81843129	266	37
1.0	0.37	0.18156871	267	37
1.0	0.37	0.18156871	268	37
1.0	0.37	0.18156871	269	37
1.0	0.37	0.18156871	270	37
0.0	0.37	-0.81843129	270	37
1.0	0.37	0.18156871	271	37
1.0	0.37	0.18156871	272	37
1.0	0.37	0.18156871	273	37
1.0	0.37	0.18156871	274	37
1.0	0.37	0.18156871	275	37
1.0	0.37	0.18156871	276	37
0.0	0.37	-0.81843129	276	37
1.0	0.37	0.18156871	277	37
0.0	0.37	-0.81843129	277	37
1.0	0.37	0.18156871	278	37
1.0	0.37	0.18156871	279	37
0.0	0.37	-0.81843129	279	37
1.0	0.37	0.18156871	280	37
1.0	0.37	0.18156871	281	37
1.0	0.37	0.18156871	282	37
1.0	0.37	0.18156871	283	37
1.0	0.37	0.18156871	284	37
1.0	0.37	0.18156871	285	37
1.0	0.37	0.18156871	286	37
0.0	0.37	-0.81843129	286	37
1.0	0.37	0.18156871	287	37
0.0	0.37	-0.81843129	287	37
0.0	0.37	-0.81843129	287	37
1.0	0.37	0.18156871	288	37
1.0	0.37	0.18156871	289	37
1.0	0.37	0.18156871	290	37
1.0	0.37	0.18156871	291	37
1.0	0.37	0.18156871	292	37
0.0	0.37	-0.81843129	292	37
1.0	0.37	0.18156871	293	37
1.0	0.37	0.18156871	294	37
1.0	0.37	0.18156871	295	37
1.0	0.37	0.18156871	296	37
1.0	0.37	0.18156871	297	37
1.0	0.37	0.18156871	298	37
1.0	0.37	0.18156871	299	37
1.0	0.37	0.18156871	300	37
1.0	0.37	0.18156871	301	37
1.0	0.37	0.18156871	302	37
1.0	0.37	0.18156871	303	37
1.0	0.37	0.18156871	304	37
1.0	0.37	0.18156871	305	37
1.0	0.37	0.18156871	306	37
0.0	0.37	-0.81843129	306	37
1.0	0.37	0.18156871	307	37
0.0	0.37	-0.81843129	307	37
0.0	0.37	-0.81843129	307	37
0.0	0.37	-0.81843129	307	37
1.0	0.37	0.18156871	308	37
1.0	0.37	0.18156871	309	37
1.0	0.37	0.18156871	310	37
1.0	0.37	0.18156871	311	37
1.0	0.37	0.18156871	312	37
1.0	0.37	0.18156871	313	37
1.0	0.37	0.18156871	314	37
1.0	0.37	0.18156871	315	37
1.0	0.37	0.18156871	316	37
1.0	0.37	0.18156871	317	37
1.0	0.37	0.18156871	318	37
1.0	0.37	0.18156871	319	37
1.0	0.37	0.18156871	320	37
1.0	0.37	0.18156871	321	37
1.0	0.37	0.18156871	322	37
1.0	0.37	0.18156871	323	37
1.0	0.37	0.18156871	324	37
0.0	0.37	-0.81843129	324	37
1.0	0.37	0.18156871	325	37
1.0	0.37	0.18156871	326	37
1.0	0.37	0.18156871	327	37
1.0	0.37	0.18156871	328	37
1.0	0.37	0.18156871	329	37
1.0	0.37	0.18156871	330	37
1.0	0.37	0.18156871	331	37
1.0	0.37	0.18156871	332	37
1.0	0.37	0.18156871	333	37
1.0	0.37	0.18156871	334	37
1.0	0.37	0.18156871	335	37
1.0	0.37	0.18156871	336	37
1.0	0.37	0.18156871	337	37
1.0	0.37	0.18156871	338	37
1.0	0.37	0.18156871	339	37
0.0	0.37	-0.81843129	339	37
0.0	0.37	-0.81843129	339	37
1.0	0.37	0.18156871	340	37
1.0	0.37	0.18156871	341	37
1.0	0.37	0.18156871	342	37
1.0	0.37	0.18156871	343	37
1.0	0.37	0.18156871	344	37
1.0	0.37	0.18156871	345	37
1.0	0.37	0.18156871	346	37
1.0	0.37	0.18156871	347	37
1.0	0.37	0.18156871	348	37
1.0	0.37	0.18156871	349	37
1.0	0.37	0.18156871	350	37
1.0	0.37	0.18156871	351	37
0.0	0.37	-0.81843129	351	37
1.0	0.37	0.18156871	352	37
1.0	0.37	0.18156871	353	37
1.0	0.37	0.18156871	354	37
1.0	0.37	0.18156871	355	37
1.0	0.37	0.18156871	356	37
1.0	0.37	0.18156871	357	37
1.0	0.37	0.18156871	358	37
1.0	0.37	0.18156871	359	37
1.0	0.37	0.18156871	360	37
1.0	0.37	0.18156871	361	37
1.0	0.37	0.18156871	362	37
1.0	0.37	0.18156871	363	37
1.0	0.37	0.18156871	364	37
1.0	0.37	0.18156871	365	37
1.0	0.37	0.18156871	366	37
1.0	0.37	0.18156871	367	37
1.0	0.37	0.18156871	368	37
1.0	0.37	0.18156871	369	37
1.0	0.37	0.18156871	370	37
1.0	0.37	0.18156871	371	37
1.0	0.37	0.18156871	372	37
1.0	0.37	0.18156871	373	37
1.0	0.37	0.18156871	374	37
1.0	0.37	0.18156871	375	37
1.0	0.37	0.18156871	376	37
1.0	0.37	0.18156871	377	37
1.0	0.37	0.18156871	378	37
1.0	0.37	0.18156871	379	37
1.0	0.37	0.18156871	380	37
1.0	0.37	0.18156871	381	37
0.0	0.37	-0.81843129	381	37
1.0	0.37	0.18156871	382	37
1.0	0.37	0.18156871	383	37
1.0	0.37	0.18156871	384	37
1.0	0.37	0.18156871	385	37
1.0	0.37	0.18156871	386	37
1.0	0.37	0.18156871	387	37
1.0	0.37	0.18156871	388	37
1.0	0.37	0.18156871	389	37
1.0	0.37	0.18156871	390	37
1.0	0.37	0.18156871	391	37
1.0	0.37	0.18156871	392	37
0.0	0.37	-0.81843129	392	37
1.0	0.37	0.18156871	393	37
1.0	0.37	0.18156871	394	37
0.0	0.37	-0.81843129	394	37
1.0	0.37	0.18156871	395	37
1.0	0.37	0.18156871	396	37
1.0	0.37	0.18156871	397	37
1.0	0.37	0.18156871	398	37
1.0	0.37	0.18156871	399	37
1.0	0.37	0.18156871	400	37
1.0	0.37	0.18156871	401	37
1.0	0.37	0.18156871	402	37
0.0	0.37	-0.81843129	402	37
1.0	0.37	0.18156871	403	37
1.0	0.37	0.18156871	404	37
1.0	0.37	0.18156871	405	37
1.0	0.37	0.18156871	406	37
1.0	0.37	0.18156871	407	37
1.0	0.37	0.18156871	408	37
1.0	0.37	0.18156871	409	37
1.0	0.37	0.18156871	410	37
1.0	0.37	0.18156871	411	37
1.0	0.37	0.18156871	412	37
1.0	0.37	0.18156871	413	37
1.0	0.37	0.18156871	414	37
1.0	0.37	0.18156871	415	37
1.0	0.37	0.18156871	416	37
1.0	0.37	0.18156871	417	37
1.0	0.37	0.18156871	418	37
1.0	0.37	0.18156871	419	37
1.0	0.37	0.18156871	420	37
1.0	0.37	0.18156871	421	37
1.0	0.37	0.18156871	422	37
1.0	0.37	0.18156871	423	37
1.0	0.37	0.18156871	424	37
1.0	0.37	0.18156871	425	37
1.0	0.37	0.18156871	426	37
1.0	0.37	0.18156871	427	37
1.0	0.37	0.18156871	428	37
1.0	0.37	0.18156871	429	37
1.0	0.37	0.18156871	430	37
0.0	0.37	-0.81843129	430	37
0.0	0.37	-0.81843129	430	37
1.0	0.37	0.18156871	431	37
1.0	0.37	0.18156871	432	37
1.0	0.37	0.18156871	433	37
1.0	0.37	0.18156871	434	37
1.0	0.37	0.18156871	435	37
1.0	0.37	0.18156871	436	37
1.0	0.37	0.18156871	437	37
1.0	0.37	0.18156871	438	37
1.0	0.37	0.18156871	439	37
1.0	0.37	0.18156871	440	37
1.0	0.37	0.18156871	441	37
1.0	0.37	0.18156871	442	37
1.0	0.37	0.18156871	443	37
1.0	0.37	0.18156871	444	37
1.0	0.37	0.18156871	445	37
1.0	0.37	0.18156871	446	37
1.0	0.37	0.18156871	447	37
1.0	0.37	0.18156871	448	37
1.0	0.37	0.18156871	449	37
0.0	0.37	-0.81843129	449	37
1.0	0.37	0.18156871	450	37
1.0	0.37	0.18156871	451	37
1.0	0.37	0.18156871	452	37
1.0	0.37	0.18156871	453	37
1.0	0.37	0.18156871	454	37
1.0	0.37	0.18156871	455	37
1.0	0.37	0.18156871	456	37
1.0	0.37	0.18156871	457	37
1.0	0.37	0.18156871	458	37
1.0	0.37	0.18156871	459	37
0.0	0.37	-0.81843129	459	37
0.0	0.37	-0.81843129	459	37
0.0	0.37	-0.81843129	459	37
1.0	0.37	0.18156871	460	37
0.0	0.37	-0.81843129	460	37
1.0	0.37	0.18156871	461	37
1.0	0.37	0.18156871	462	37
1.0	0.37	0.18156871	463	37
0.0	0.37	-0.81843129	463	37
1.0	0.37	0.18156871	464	37
1.0	0.37	0.18156871	465	37
1.0	0.37	0.18156871	466	37
0.0	0.37	-0.81843129	466	37
1.0	0.37	0.18156871	467	37
1.0	0.37	0.18156871	468	37
1.0	0.37	0.18156871	469	37
1.0	0.37	0.18156871	470	37
1.0	0.37	0.18156871	471	37
0.0	0.37	-0.81843129	471	37
1.0	0.37	0.18156871	472	37
1.0	0.37	0.18156871	473	37
1.0	0.37	0.18156871	474	37
1.0	0.37	0.18156871	475	37
1.0	0.37	0.18156871	476	37
0.0	0.37	-0.81843129	476	37
1.0	0.37	0.18156871	477	37
1.0	0.37	0.18156871	478	37
1.0	0.37	0.18156871	479	37
1.0	0.37	0.18156871	480	37
1.0	0.37	0.18156871	481	37
0.0	0.37	-0.81843129	481	37
1.0	0.37	0.18156871	482	37
1.0	0.38	0.17482996	483	38
0.0	0.38	-0.82517004	483	38
1.0	0.38	0.17482996	484	38
1.0	0.38	0.17482996	485	38
1.0	0.38	0.17482996	486	38
1.0	0.38	0.17482996	487	38
0.0	0.38	-0.82517004	487	38
1.0	0.38	0.17482996	488	38
1.0	0.38	0.17482996	489	38
1.0	0.38	0.17482996	490	38
1.0	0.38	0.17482996	491	38
1.0	0.38	0.17482996	492	38
1.0	0.38	0.17482996	493	38
1.0	0.38	0.17482996	494	38
1.0	0.38	0.17482996	495	38
1.0	0.38	0.17482996	496	38
1.0	0.38	0.17482996	497	38
1.0	0.38	0.17482996	498	38
1.0	0.38	0.17482996	499	38
1.0	0.38	0.17482996	500	38
1.0	0.38	0.17482996	501	38
1.0	0.38	0.17482996	502	38
1.0	0.38	0.17482996	503	38
1.0	0.38	0.17482996	504	38
0.0	0.38	-0.82517004	504	38
1.0	0.38	0.17482996	505	38
1.0	0.38	0.17482996	506	38
1.0	0.38	0.17482996	507	38
1.0	0.38	0.17482996	508	38
1.0	0.38	0.17482996	509	38
1.0	0.38	0.17482996	510	38
1.0	0.38	0.17482996	511	38
1.0	0.38	0.17482996	512	38
1.0	0.38	0.17482996	513	38
1.0	0.38	0.17482996	514	38
1.0	0.38	0.17482996	515	38
1.0	0.38	0.17482996	516	38
1.0	0.38	0.17482996	517	38
1.0	0.38	0.17482996	518	38
1.0	0.38	0.17482996	519	38
1.0	0.38	0.17482996	520	38
1.0	0.38	0.17482996	521	38
1.0	0.38	0.17482996	522	38
0.0	0.38	-0.82517004	522	38
1.0	0.38	0.17482996	523	38
1.0	0.38	0.17482996	524	38
1.0	0.38	0.17482996	525	38
1.0	0.38	0.17482996	526	38
1.0	0.38	0.17482996	527	38
0.0	0.38	-0.82517004	527	38
1.0	0.38	0.17482996	528	38
1.0	0.38	0.17482996	529	38
1.0	0.38	0.17482996	530	38
1.0	0.38	0.17482996	531	38
1.0	0.38	0.17482996	532	38
1.0	0.38	0.17482996	533	38
1.0	0.38	0.17482996	534	38
1.0	0.38	0.17482996	535	38
0.0	0.38	-0.82517004	535	38
1.0	0.38	0.17482996	536	38
1.0	0.38	0.17482996	537	38
0.0	0.38	-0.82517004	537	38
1.0	0.38	0.17482996	538	38
0.0	0.38	-0.82517004	538	38
1.0	0.38	0.17482996	539	38
1.0	0.38	0.17482996	540	38
1.0	0.38	0.17482996	541	38
1.0	0.38	0.17482996	542	38
1.0	0.38	0.17482996	543	38
1.0	0.38	0.17482996	544	38
1.0	0.38	0.17482996	545	38
1.0	0.38	0.17482996	546	38
0.0	0.38	-0.82517004	546	38
1.0	0.38	0.17482996	547	38
1.0	0.38	0.17482996	548	38
0.0	0.38	-0.82517004	548	38
1.0	0.38	0.17482996	549	38
1.0	0.38	0.17482996	550	38
1.0	0.38	0.17482996	551	38
0.0	0.38	-0.82517004	551	38
1.0	0.38	0.17482996	552	38
1.0	0.38	0.17482996	553	38
0.0	0.38	-0.82517004	553	38
1.0	0.38	0.17482996	554	38
1.0	0.38	0.17482996	555	38
1.0	0.38	0.17482996	556	38
1.0	0.38	0.17482996	557	38
1.0	0.38	0.17482996	558	38
1.0	0.38	0.17482996	559	38
1.0	0.38	0.17482996	560	38
1.0	0.38	0.17482996	561	38
1.0	0.38	0.17482996	562	38
1.0	0.38	0.17482996	563	38
1.0	0.38	0.17482996	564	38
1.0	0.38	0.17482996	565	38
1.0	0.38	0.17482996	566	38
1.0	0.38	0.17482996	567	38
1.0	0.38	0.17482996	568	38
1.0	0.38	0.17482996	569	38
1.0	0.38	0.17482996	570	38
1.0	0.38	0.17482996	571	38
0.0	0.38	-0.82517004	571	38
0.0	0.38	-0.82517004	571	38
1.0	0.38	0.17482996	572	38
1.0	0.38	0.17482996	573	38
1.0	0.38	0.17482996	574	38
1.0	0.38	0.17482996	575	38
1.0	0.38	0.17482996	576	38
1.0	0.38	0.17482996	577	38
0.0	0.38	-0.82517004	577	38
1.0	0.38	0.17482996	578	38
1.0	0.38	0.17482996	579	38
1.0	0.38	0.17482996	580	38
1.0	0.38	0.17482996	581	38
1.0	0.38	0.17482996	582	38
0.0	0.38	-0.82517004	582	38
0.0	0.38	-0.82517004	582	38
1.0	0.38	0.17482996	583	38
1.0	0.38	0.17482996	584	38
1.0	0.38	0.17482996	585	38
1.0	0.38	0.17482996	586	38
1.0	0.38	0.17482996	587	38
1.0	0.38	0.17482996	588	38
1.0	0.38	0.17482996	589	38
1.0	0.38	0.17482996	590	38
1.0	0.38	0.17482996	591	38
1.0	0.38	0.17482996	592	38
1.0	0.38	0.17482996	593	38
1.0	0.38	0.17482996	594	38
1.0	0.38	0.17482996	595	38
1.0	0.38	0.17482996	596	38
1.0	0.38	0.17482996	597	38
1.0	0.38	0.17482996	598	38
1.0	0.38	0.17482996	599	38
0.0	0.38	-0.82517004	599	38
0.0	0.38	-0.82517004	599	38
1.0	0.38	0.17482996	600	38
0.0	0.38	-0.82517004	600	38
0.0	0.38	-0.82517004	600	38
0.0	0.38	-0.82517004	600	38
0.0	0.38	-0.82517004	600	38
0.0	0.38	-0.82517004	600	38
1.0	0.38	0.17482996	601	38
0.0	0.38	-0.82517004	601	38
1.0	0.38	0.17482996	602	38
1.0	0.38	0.17482996	603	38
1.0	0.38	0.17482996	604	38
1.0	0.38	0.17482996	605	38
1.0	0.38	0.17482996	606	38
1.0	0.38	0.17482996	607	38
1.0	0.38	0.17482996	608	38
1.0	0.38	0.17482996	609	38
1.0	0.38	0.17482996	610	38
1.0	0.38	0.17482996	611	38
1.0	0.38	0.17482996	612	38
1.0	0.38	0.17482996	613	38
1.0	0.38	0.17482996	614	38
1.0	0.38	0.17482996	615	38
1.0	0.38	0.17482996	616	38
0.0	0.38	-0.82517004	616	38
1.0	0.38	0.17482996	617	38
1.0	0.38	0.17482996	618	38
1.0	0.38	0.17482996	619	38
1.0	0.38	0.17482996	620	38
1.0	0.38	0.17482996	621	38
0.0	0.38	-0.82517004	621	38
0.0	0.38	-0.82517004	621	38
1.0	0.38	0.17482996	622	38
1.0	0.38	0.17482996	623	38
1.0	0.38	0.17482996	624	38
1.0	0.38	0.17482996	625	38
1.0	0.38	0.17482996	626	38
1.0	0.38	0.17482996	627	38
1.0	0.38	0.17482996	628	38
1.0	0.38	0.17482996	629	38
1.0	0.38	0.17482996	630	38
1.0	0.38	0.17482996	631	38
1.0	0.38	0.17482996	632	38
1.0	0.38	0.17482996	633	38
1.0	0.38	0.17482996	634	38
1.0	0.38	0.17482996	635	38
1.0	0.39	0.16794839	636	39
1.0	0.39	0.16794839	637	39
1.0	0.39	0.16794839	638	39
0.0	0.39	-0.83205161	638	39
1.0	0.39	0.16794839	639	39
1.0	0.39	0.16794839	640	39
1.0	0.39	0.16794839	641	39
1.0	0.39	0.16794839	642	39
1.0	0.39	0.16794839	643	39
1.0	0.39	0.16794839	644	39
1.0	0.39	0.16794839	645	39
1.0	0.39	0.16794839	646	39
1.0	0.39	0.16794839	647	39
1.0	0.39	0.16794839	648	39
1.0	0.39	0.16794839	649	39
1.0	0.39	0.16794839	650	39
1.0	0.39	0.16794839	651	39
1.0	0.39	0.16794839	652	39
1.0	0.39	0.16794839	653	39
1.0	0.39	0.16794839	654	39
1.0	0.39	0.16794839	655	39
1.0	0.39	0.16794839	656	39
0.0	0.39	-0.83205161	656	39
1.0	0.39	0.16794839	657	39
1.0	0.39	0.16794839	658	39
1.0	0.39	0.16794839	659	39
0.0	0.39	-0.83205161	659	39
1.0	0.39	0.16794839	660	39
1.0	0.39	0.16794839	661	39
1.0	0.39	0.16794839	662	39
1.0	0.39	0.16794839	663	39
0.0	0.39	-0.83205161	663	39
1.0	0.39	0.16794839	664	39
1.0	0.39	0.16794839	665	39
1.0	0.39	0.16794839	666	39
1.0	0.39	0.16794839	667	39
1.0	0.39	0.16794839	668	39
1.0	0.39	0.16794839	669	39
0.0	0.39	-0.83205161	669	39
1.0	0.39	0.16794839	670	39
1.0	0.39	0.16794839	671	39
1.0	0.39	0.16794839	672	39
1.0	0.39	0.16794839	673	39
1.0	0.39	0.16794839	674	39
1.0	0.39	0.16794839	675	39
0.0	0.39	-0.83205161	675	39
1.0	0.39	0.16794839	676	39
1.0	0.39	0.16794839	677	39
1.0	0.39	0.16794839	678	39
1.0	0.39	0.16794839	679	39
1.0	0.39	0.16794839	680	39
1.0	0.39	0.16794839	681	39
1.0	0.39	0.16794839	682	39
1.0	0.39	0.16794839	683	39
1.0	0.39	0.16794839	684	39
0.0	0.39	-0.83205161	684	39
1.0	0.39	0.16794839	685	39
1.0	0.39	0.16794839	686	39
1.0	0.39	0.16794839	687	39
1.0	0.39	0.16794839	688	39
1.0	0.39	0.16794839	689	39
1.0	0.39	0.16794839	690	39
1.0	0.39	0.16794839	691	39
1.0	0.39	0.16794839	692	39
1.0	0.39	0.16794839	693	39
1.0	0.39	0.16794839	694	39
0.0	0.39	-0.83205161	694	39
0.0	0.39	-0.83205161	694	39
1.0	0.39	0.16794839	695	39
1.0	0.39	0.16794839	696	39
1.0	0.39	0.16794839	697	39
1.0	0.39	0.16794839	698	39
1.0	0.39	0.16794839	699	39
1.0	0.39	0.16794839	700	39
1.0	0.39	0.16794839	701	39
1.0	0.39	0.16794839	702	39
1.0	0.39	0.16794839	703	39
1.0	0.39	0.16794839	704	39
1.0	0.39	0.16794839	705	39
1.0	0.39	0.16794839	706	39
1.0	0.4	0.160924	707	40
1.0	0.4	0.160924	708	40
1.0	0.4	0.160924	709	40
1.0	0.4	0.160924	710	40
1.0	0.4	0.160924	711	40
0.0	0.4	-0.839076	711	40
1.0	0.4	0.160924	712	40
1.0	0.4	0.160924	713	40
1.0	0.4	0.160924	714	40
1.0	0.4	0.160924	715	40
0.0	0.4	-0.839076	715	40
1.0	0.4	0.160924	716	40
0.0	0.4	-0.839076	716	40
1.0	0.4	0.160924	717	40
1.0	0.4	0.160924	718	40
1.0	0.4	0.160924	719	40
1.0	0.4	0.160924	720	40
1.0	0.4	0.160924	721	40
1.0	0.4	0.160924	722	40
1.0	0.4	0.160924	723	40
1.0	0.4	0.160924	724	40
1.0	0.4	0.160924	725	40
1.0	0.4	0.160924	726	40
1.0	0.4	0.160924	727	40
0.0	0.4	-0.839076	727	40
0.0	0.4	-0.839076	727	40
1.0	0.4	0.160924	728	40
1.0	0.4	0.160924	729	40
1.0	0.4	0.160924	730	40
1.0	0.4	0.160924	731	40
0.0	0.4	-0.839076	731	40
1.0	0.4	0.160924	732	40
1.0	0.4	0.160924	733	40
1.0	0.4	0.160924	734	40
1.0	0.4	0.160924	735	40
1.0	0.4	0.160924	736	40
1.0	0.4	0.160924	737	40
1.0	0.4	0.160924	738	40
1.0	0.4	0.160924	739	40
1.0	0.4	0.160924	740	40
1.0	0.4	0.160924	741	40
1.0	0.4	0.160924	742	40
1.0	0.4	0.160924	743	40
1.0	0.4	0.160924	744	40
1.0	0.4	0.160924	745	40
1.0	0.4	0.160924	746	40
1.0	0.4	0.160924	747	40
1.0	0.4	0.160924	748	40
1.0	0.4	0.160924	749	40
1.0	0.4	0.160924	750	40
1.0	0.4	0.160924	751	40
1.0	0.4	0.160924	752	40
1.0	0.4	0.160924	753	40
1.0	0.4	0.160924	754	40
1.0	0.4	0.160924	755	40
1.0	0.4	0.160924	756	40
1.0	0.4	0.160924	757	40
1.0	0.4	0.160924	758	40
1.0	0.4	0.160924	759	40
0.0	0.4	-0.839076	759	40
1.0	0.4	0.160924	760	40
1.0	0.4	0.160924	761	40
0.0	0.4	-0.839076	761	40
1.0	0.4	0.160924	762	40
0.0	0.4	-0.839076	762	40
1.0	0.4	0.160924	763	40
1.0	0.4	0.160924	764	40
1.0	0.4	0.160924	765	40
1.0	0.4	0.160924	766	40
0.0	0.4	-0.839076	766	40
1.0	0.4	0.160924	767	40
1.0	0.4	0.160924	768	40
1.0	0.4	0.160924	769	40
1.0	0.4	0.160924	770	40
1.0	0.4	0.160924	771	40
1.0	0.4	0.160924	772	40
1.0	0.4	0.160924	773	40
1.0	0.4	0.160924	774	40
1.0	0.4	0.160924	775	40
1.0	0.4	0.160924	776	40
1.0	0.4	0.160924	777	40
1.0	0.4	0.160924	778	40
1.0	0.4	0.160924	779	40
1.0	0.4	0.160924	780	40
1.0	0.4	0.160924	781	40
1.0	0.4	0.160924	782	40
1.0	0.4	0.160924	783	40
1.0	0.4	0.160924	784	40
1.0	0.4	0.160924	785	40
1.0	0.4	0.160924	786	40
1.0	0.4	0.160924	787	40
1.0	0.4	0.160924	788	40
1.0	0.4	0.160924	789	40
1.0	0.4	0.160924	790	40
1.0	0.4	0.160924	791	40
0.0	0.4	-0.839076	791	40
1.0	0.4	0.160924	792	40
1.0	0.4	0.160924	793	40
1.0	0.4	0.160924	794	40
1.0	0.4	0.160924	795	40
1.0	0.4	0.160924	796	40
1.0	0.4	0.160924	797	40
1.0	0.4	0.160924	798	40
1.0	0.4	0.160924	799	40
1.0	0.4	0.160924	800	40
1.0	0.4	0.160924	801	40
1.0	0.4	0.160924	802	40
1.0	0.4	0.160924	803	40
1.0	0.4	0.160924	804	40
1.0	0.4	0.160924	805	40
1.0	0.4	0.160924	806	40
1.0	0.4	0.160924	807	40
1.0	0.4	0.160924	808	40
1.0	0.4	0.160924	809	40
1.0	0.4	0.160924	810	40
1.0	0.4	0.160924	811	40
1.0	0.4	0.160924	812	40
1.0	0.4	0.160924	813	40
1.0	0.4	0.160924	814	40
1.0	0.4	0.160924	815	40
1.0	0.4	0.160924	816	40
1.0	0.4	0.160924	817	40
1.0	0.4	0.160924	818	40
1.0	0.4	0.160924	819	40
1.0	0.4	0.160924	820	40
1.0	0.4	0.160924	821	40
1.0	0.4	0.160924	822	40
1.0	0.4	0.160924	823	40
0.0	0.4	-0.839076	823	40
1.0	0.4	0.160924	824	40
1.0	0.4	0.160924	825	40
1.0	0.4	0.160924	826	40
1.0	0.4	0.160924	827	40
1.0	0.4	0.160924	828	40
1.0	0.4	0.160924	829	40
1.0	0.4	0.160924	830	40
1.0	0.4	0.160924	831	40
1.0	0.4	0.160924	832	40
1.0	0.4	0.160924	833	40
1.0	0.4	0.160924	834	40
1.0	0.4	0.160924	835	40
0.0	0.4	-0.839076	835	40
1.0	0.4	0.160924	836	40
1.0	0.4	0.160924	837	40
1.0	0.4	0.160924	838	40
1.0	0.4	0.160924	839	40
1.0	0.4	0.160924	840	40
1.0	0.4	0.160924	841	40
1.0	0.4	0.160924	842	40
1.0	0.4	0.160924	843	40
1.0	0.4	0.160924	844	40
1.0	0.4	0.160924	845	40
1.0	0.4	0.160924	846	40
1.0	0.4	0.160924	847	40
1.0	0.4	0.160924	848	40
1.0	0.4	0.160924	849	40
1.0	0.4	0.160924	850	40
0.0	0.4	-0.839076	850	40
0.0	0.4	-0.839076	850	40
1.0	0.4	0.160924	851	40
1.0	0.4	0.160924	852	40
1.0	0.4	0.160924	853	40
1.0	0.4	0.160924	854	40
0.0	0.4	-0.839076	854	40
1.0	0.4	0.160924	855	40
1.0	0.4	0.160924	856	40
1.0	0.4	0.160924	857	40
1.0	0.4	0.160924	858	40
0.0	0.4	-0.839076	858	40
0.0	0.4	-0.839076	858	40
1.0	0.4	0.160924	859	40
0.0	0.4	-0.839076	859	40
0.0	0.4	-0.839076	859	40
1.0	0.4	0.160924	860	40
1.0	0.4	0.160924	861	40
0.0	0.4	-0.839076	861	40
1.0	0.4	0.160924	862	40
1.0	0.4	0.160924	863	40
1.0	0.4	0.160924	864	40
1.0	0.4	0.160924	865	40
1.0	0.4	0.160924	866	40
1.0	0.4	0.160924	867	40
1.0	0.4	0.160924	868	40
1.0	0.4	0.160924	869	40
1.0	0.4	0.160924	870	40
1.0	0.4	0.160924	871	40
1.0	0.4	0.160924	872	40
1.0	0.4	0.160924	873	40
1.0	0.4	0.160924	874	40
1.0	0.4	0.160924	875	40
1.0	0.4	0.160924	876	40
1.0	0.4	0.160924	877	40
1.0	0.4	0.160924	878	40
1.0	0.4	0.160924	879	40
1.0	0.4	0.160924	880	40
1.0	0.4	0.160924	881	40
1.0	0.4	0.160924	882	40
1.0	0.4	0.160924	883	40
1.0	0.4	0.160924	884	40
1.0	0.4	0.160924	885	40
1.0	0.4	0.160924	886	40
0.0	0.4	-0.839076	886	40
1.0	0.4	0.160924	887	40
0.0	0.4	-0.839076	887	40
0.0	0.4	-0.839076	887	40
1.0	0.4	0.160924	888	40
1.0	0.4	0.160924	889	40
1.0	0.4	0.160924	890	40
1.0	0.4	0.160924	891	40
1.0	0.4	0.160924	892	40
1.0	0.4	0.160924	893	40
1.0	0.4	0.160924	894	40
1.0	0.4	0.160924	895	40
0.0	0.4	-0.839076	895	40
1.0	0.4	0.160924	896	40
1.0	0.4	0.160924	897	40
1.0	0.4	0.160924	898	40
1.0	0.4	0.160924	899	40
1.0	0.4	0.160924	900	40
1.0	0.4	0.160924	901	40
1.0	0.4	0.160924	902	40
1.0	0.4	0.160924	903	40
1.0	0.4	0.160924	904	40
1.0	0.4	0.160924	905	40
1.0	0.4	0.160924	906	40
1.0	0.4	0.160924	907	40
1.0	0.4	0.160924	908	40
1.0	0.4	0.160924	909	40
1.0	0.4	0.160924	910	40
0.0	0.4	-0.839076	910	40
1.0	0.4	0.160924	911	40
1.0	0.4	0.160924	912	40
1.0	0.4	0.160924	913	40
1.0	0.4	0.160924	914	40
1.0	0.4	0.160924	915	40
1.0	0.4	0.160924	916	40
1.0	0.4	0.160924	917	40
1.0	0.4	0.160924	918	40
0.0	0.4	-0.839076	918	40
0.0	0.4	-0.839076	918	40
1.0	0.4	0.160924	919	40
1.0	0.4	0.160924	920	40
0.0	0.4	-0.839076	920	40
1.0	0.4	0.160924	921	40
1.0	0.4	0.160924	922	40
1.0	0.4	0.160924	923	40
1.0	0.4	0.160924	924	40
1.0	0.4	0.160924	925	40
1.0	0.4	0.160924	926	40
1.0	0.4	0.160924	927	40
1.0	0.4	0.160924	928	40
0.0	0.4	-0.839076	928	40
1.0	0.4	0.160924	929	40
1.0	0.4	0.160924	930	40
1.0	0.4	0.160924	931	40
1.0	0.4	0.160924	932	40
1.0	0.4	0.160924	933	40
1.0	0.4	0.160924	934	40
1.0	0.4	0.160924	935	40
0.0	0.4	-0.839076	935	40
1.0	0.4	0.160924	936	40
1.0	0.4	0.160924	937	40
1.0	0.4	0.160924	938	40
0.0	0.4	-0.839076	938	40
1.0	0.4	0.160924	939	40
1.0	0.4	0.160924	940	40
1.0	0.4	0.160924	941	40
1.0	0.4	0.160924	942	40
1.0	0.4	0.160924	943	40
1.0	0.4	0.160924	944	40
1.0	0.4	0.160924	945	40
1.0	0.4	0.160924	946	40
1.0	0.4	0.160924	947	40
1.0	0.4	0.160924	948	40
1.0	0.4	0.160924	949	40
1.0	0.4	0.160924	950	40
1.0	0.4	0.160924	951	40
1.0	0.4	0.160924	952	40
1.0	0.4	0.160924	953	40
1.0	0.4	0.160924	954	40
1.0	0.4	0.160924	955	40
0.0	0.4	-0.839076	955	40
0.0	0.4	-0.839076	955	40
1.0	0.4	0.160924	956	40
0.0	0.4	-0.839076	956	40
1.0	0.4	0.160924	957	40
0.0	0.4	-0.839076	957	40
1.0	0.4	0.160924	958	40
1.0	0.4	0.160924	959	40
1.0	0.4	0.160924	960	40
1.0	0.4	0.160924	961	40
1.0	0.4	0.160924	962	40
1.0	0.4	0.160924	963	40
1.0	0.4	0.160924	964	40
1.0	0.4	0.160924	965	40
1.0	0.4	0.160924	966	40
1.0	0.4	0.160924	967	40
1.0	0.4	0.160924	968	40
1.0	0.4	0.160924	969	40
1.0	0.4	0.160924	970	40
1.0	0.4	0.160924	971	40
1.0	0.4	0.160924	972	40
1.0	0.4	0.160924	973	40
1.0	0.4	0.160924	974	40
1.0	0.4	0.160924	975	40
1.0	0.4	0.160924	976	40
1.0	0.4	0.160924	977	40
1.0	0.4	0.160924	978	40
0.0	0.4	-0.839076	978	40
0.0	0.4	-0.839076	978	40
1.0	0.4	0.160924	979	40
1.0	0.4	0.160924	980	40
1.0	0.4	0.160924	981	40
1.0	0.4	0.160924	982	40
1.0	0.4	0.160924	983	40
1.0	0.4	0.160924	984	40
1.0	0.4	0.160924	985	40
1.0	0.4	0.160924	986	40
1.0	0.4	0.160924	987	40
1.0	0.4	0.160924	988	40
1.0	0.4	0.160924	989	40
1.0	0.4	0.160924	990	40
0.0	0.4	-0.839076	990	40
1.0	0.4	0.160924	991	40
1.0	0.4	0.160924	992	40
1.0	0.4	0.160924	993	40
1.0	0.4	0.160924	994	40
0.0	0.4	-0.839076	994	40
0.0	0.4	-0.839076	994	40
1.0	0.4	0.160924	995	40
1.0	0.4	0.160924	996	40
1.0	0.4	0.160924	997	40
1.0	0.4	0.160924	998	40
1.0	0.4	0.160924	999	40
1.0	0.4	0.160924	1000	40
1.0	0.4	0.160924	1001	40
1.0	0.4	0.160924	1002	40
1.0	0.4	0.160924	1003	40
1.0	0.4	0.160924	1004	40
1.0	0.4	0.160924	1005	40
1.0	0.4	0.160924	1006	40
0.0	0.4	-0.839076	1006	40
1.0	0.4	0.160924	1007	40
0.0	0.4	-0.839076	1007	40
1.0	0.4	0.160924	1008	40
1.0	0.4	0.160924	1009	40
1.0	0.4	0.160924	1010	40
1.0	0.4	0.160924	1011	40
1.0	0.4	0.160924	1012	40
1.0	0.4	0.160924	1013	40
1.0	0.4	0.160924	1014	40
1.0	0.4	0.160924	1015	40
1.0	0.4	0.160924	1016	40
1.0	0.4	0.160924	1017	40
1.0	0.4	0.160924	1018	40
1.0	0.4	0.160924	1019	40
1.0	0.4	0.160924	1020	40
1.0	0.4	0.160924	1021	40
1.0	0.4	0.160924	1022	40
1.0	0.4	0.160924	1023	40
1.0	0.4	0.160924	1024	40
1.0	0.4	0.160924	1025	40
1.0	0.4	0.160924	1026	40
1.0	0.4	0.160924	1027	40
1.0	0.4	0.160924	1028	40
0.0	0.4	-0.839076	1028	40
0.0	0.4	-0.839076	1028	40
1.0	0.4	0.160924	1029	40
0.0	0.4	-0.839076	1029	40
1.0	0.4	0.160924	1030	40
1.0	0.4	0.160924	1031	40
1.0	0.4	0.160924	1032	40
1.0	0.4	0.160924	1033	40
1.0	0.4	0.160924	1034	40
1.0	0.4	0.160924	1035	40
1.0	0.4	0.160924	1036	40
1.0	0.4	0.160924	1037	40
1.0	0.4	0.160924	1038	40
1.0	0.4	0.160924	1039	40
1.0	0.4	0.160924	1040	40
1.0	0.39	0.16794839	1041	39
1.0	0.39	0.16794839	1042	39
1.0	0.39	0.16794839	1043	39
1.0	0.39	0.16794839	1044	39
1.0	0.39	0.16794839	1045	39
1.0	0.39	0.16794839	1046	39
1.0	0.39	0.16794839	1047	39
1.0	0.39	0.16794839	1048	39
1.0	0.39	0.16794839	1049	39
1.0	0.39	0.16794839	1050	39
1.0	0.39	0.16794839	1051	39
1.0	0.39	0.16794839	1052	39
1.0	0.39	0.16794839	1053	39
1.0	0.39	0.16794839	1054	39
0.0	0.39	-0.83205161	1054	39
1.0	0.39	0.16794839	1055	39
1.0	0.39	0.16794839	1056	39
1.0	0.39	0.16794839	1057	39
1.0	0.39	0.16794839	1058	39
0.0	0.39	-0.83205161	1058	39
1.0	0.39	0.16794839	1059	39
1.0	0.39	0.16794839	1060	39
1.0	0.39	0.16794839	1061	39
1.0	0.39	0.16794839	1062	39
1.0	0.39	0.16794839	1063	39
1.0	0.39	0.16794839	1064	39
0.0	0.39	-0.83205161	1064	39
1.0	0.39	0.16794839	1065	39
0.0	0.39	-0.83205161	1065	39
1.0	0.39	0.16794839	1066	39
1.0	0.39	0.16794839	1067	39
0.0	0.39	-0.83205161	1067	39
1.0	0.39	0.16794839	1068	39
1.0	0.39	0.16794839	1069	39
1.0	0.39	0.16794839	1070	39
1.0	0.39	0.16794839	1071	39
1.0	0.39	0.16794839	1072	39
1.0	0.39	0.16794839	1073	39
1.0	0.39	0.16794839	1074	39
1.0	0.39	0.16794839	1075	39
1.0	0.39	0.16794839	1076	39
1.0	0.39	0.16794839	1077	39
1.0	0.39	0.16794839	1078	39
1.0	0.39	0.16794839	1079	39
1.0	0.39	0.16794839	1080	39
1.0	0.39	0.16794839	1081	39
1.0	0.39	0.16794839	1082	39
0.0	0.39	-0.83205161	1082	39
1.0	0.39	0.16794839	1083	39
1.0	0.39	0.16794839	1084	39
1.0	0.39	0.16794839	1085	39
1.0	0.39	0.16794839	1086	39
1.0	0.39	0.16794839	1087	39
1.0	0.39	0.16794839	1088	39
0.0	0.39	-0.83205161	1088	39
0.0	0.39	-0.83205161	1088	39
1.0	0.39	0.16794839	1089	39
1.0	0.39	0.16794839	1090	39
1.0	0.39	0.16794839	1091	39
1.0	0.39	0.16794839	1092	39
1.0	0.39	0.16794839	1093	39
1.0	0.39	0.16794839	1094	39
0.0	0.39	-0.83205161	1094	39
0.0	0.39	-0.83205161	1094	39
1.0	0.39	0.16794839	1095	39
1.0	0.39	0.16794839	1096	39
1.0	0.39	0.16794839	1097	39
1.0	0.39	0.16794839	1098	39
1.0	0.39	0.16794839	1099	39
1.0	0.39	0.16794839	1100	39
1.0	0.39	0.16794839	1101	39
1.0	0.39	0.16794839	1102	39
1.0	0.39	0.16794839	1103	39
1.0	0.39	0.16794839	1104	39
1.0	0.39	0.16794839	1105	39
1.0	0.39	0.16794839	1106	39
1.0	0.39	0.16794839	1107	39
1.0	0.39	0.16794839	1108	39
1.0	0.39	0.16794839	1109	39
1.0	0.39	0.16794839	1110	39
0.0	0.39	-0.83205161	1110	39
1.0	0.39	0.16794839	1111	39
1.0	0.39	0.16794839	1112	39
1.0	0.39	0.16794839	1113	39
1.0	0.39	0.16794839	1114	39
1.0	0.39	0.16794839	1115	39
1.0	0.39	0.16794839	1116	39
1.0	0.39	0.16794839	1117	39
1.0	0.39	0.16794839	1118	39
1.0	0.39	0.16794839	1119	39
1.0	0.39	0.16794839	1120	39
1.0	0.39	0.16794839	1121	39
1.0	0.39	0.16794839	1122	39
1.0	0.39	0.16794839	1123	39
1.0	0.39	0.16794839	1124	39
1.0	0.39	0.16794839	1125	39
1.0	0.39	0.16794839	1126	39
0.0	0.39	-0.83205161	1126	39
1.0	0.39	0.16794839	1127	39
0.0	0.39	-0.83205161	1127	39
1.0	0.39	0.16794839	1128	39
1.0	0.39	0.16794839	1129	39
1.0	0.39	0.16794839	1130	39
1.0	0.39	0.16794839	1131	39
1.0	0.39	0.16794839	1132	39
1.0	0.39	0.16794839	1133	39
1.0	0.39	0.16794839	1134	39
1.0	0.39	0.16794839	1135	39
1.0	0.39	0.16794839	1136	39
1.0	0.39	0.16794839	1137	39
1.0	0.39	0.16794839	1138	39
0.0	0.39	-0.83205161	1138	39
1.0	0.39	0.16794839	1139	39
1.0	0.39	0.16794839	1140	39
1.0	0.39	0.16794839	1141	39
1.0	0.39	0.16794839	1142	39
1.0	0.39	0.16794839	1143	39
1.0	0.39	0.16794839	1144	39
1.0	0.39	0.16794839	1145	39
1.0	0.39	0.16794839	1146	39
1.0	0.39	0.16794839	1147	39
0.0	0.39	-0.83205161	1147	39
1.0	0.39	0.16794839	1148	39
0.0	0.39	-0.83205161	1148	39
1.0	0.39	0.16794839	1149	39
1.0	0.39	0.16794839	1150	39
0.0	0.39	-0.83205161	1150	39
1.0	0.39	0.16794839	1151	39
1.0	0.39	0.16794839	1152	39
1.0	0.39	0.16794839	1153	39
0.0	0.39	-0.83205161	1153	39
1.0	0.39	0.16794839	1154	39
1.0	0.39	0.16794839	1155	39
1.0	0.39	0.16794839	1156	39
1.0	0.39	0.16794839	1157	39
1.0	0.39	0.16794839	1158	39
1.0	0.39	0.16794839	1159	39
1.0	0.39	0.16794839	1160	39
1.0	0.39	0.16794839	1161	39
1.0	0.39	0.16794839	1162	39
1.0	0.39	0.16794839	1163	39
1.0	0.39	0.16794839	1164	39
1.0	0.39	0.16794839	1165	39
1.0	0.39	0.16794839	1166	39
1.0	0.39	0.16794839	1167	39
1.0	0.39	0.16794839	1168	39
0.0	0.39	-0.83205161	1168	39
1.0	0.39	0.16794839	1169	39
1.0	0.39	0.16794839	1170	39
1.0	0.39	0.16794839	1171	39
1.0	0.39	0.16794839	1172	39
0.0	0.39	-0.83205161	1172	39
1.0	0.39	0.16794839	1173	39
1.0	0.39	0.16794839	1174	39
1.0	0.39	0.16794839	1175	39
1.0	0.39	0.16794839	1176	39
1.0	0.39	0.16794839	1177	39
1.0	0.39	0.16794839	1178	39
1.0	0.39	0.16794839	1179	39
1.0	0.39	0.16794839	1180	39
0.0	0.39	-0.83205161	1180	39
1.0	0.39	0.16794839	1181	39
1.0	0.39	0.16794839	1182	39
1.0	0.39	0.16794839	1183	39
1.0	0.39	0.16794839	1184	39
1.0	0.39	0.16794839	1185	39
1.0	0.39	0.16794839	1186	39
1.0	0.39	0.16794839	1187	39
1.0	0.39	0.16794839	1188	39
1.0	0.39	0.16794839	1189	39
1.0	0.39	0.16794839	1190	39
1.0	0.39	0.16794839	1191	39
1.0	0.39	0.16794839	1192	39
1.0	0.39	0.16794839	1193	39
1.0	0.39	0.16794839	1194	39
1.0	0.39	0.16794839	1195	39
0.0	0.39	-0.83205161	1195	39
1.0	0.39	0.16794839	1196	39
1.0	0.39	0.16794839	1197	39
1.0	0.39	0.16794839	1198	39
1.0	0.39	0.16794839	1199	39
1.0	0.39	0.16794839	1200	39
1.0	0.39	0.16794839	1201	39
1.0	0.39	0.16794839	1202	39
1.0	0.39	0.16794839	1203	39
1.0	0.39	0.16794839	1204	39
1.0	0.39	0.16794839	1205	39
1.0	0.39	0.16794839	1206	39
1.0	0.39	0.16794839	1207	39
1.0	0.39	0.16794839	1208	39
1.0	0.39	0.16794839	1209	39
1.0	0.39	0.16794839	1210	39
1.0	0.39	0.16794839	1211	39
0.0	0.39	-0.83205161	1211	39
1.0	0.39	0.16794839	1212	39
1.0	0.39	0.16794839	1213	39
1.0	0.39	0.16794839	1214	39
0.0	0.39	-0.83205161	1214	39
1.0	0.39	0.16794839	1215	39
1.0	0.39	0.16794839	1216	39
1.0	0.39	0.16794839	1217	39
1.0	0.39	0.16794839	1218	39
1.0	0.39	0.16794839	1219	39
0.0	0.39	-0.83205161	1219	39
1.0	0.39	0.16794839	1220	39
1.0	0.39	0.16794839	1221	39
1.0	0.39	0.16794839	1222	39
1.0	0.39	0.16794839	1223	39
1.0	0.39	0.16794839	1224	39
1.0	0.39	0.16794839	1225	39
1.0	0.39	0.16794839	1226	39
1.0	0.39	0.16794839	1227	39
1.0	0.39	0.16794839	1228	39
1.0	0.39	0.16794839	1229	39
1.0	0.39	0.16794839	1230	39
0.0	0.39	-0.83205161	1230	39
1.0	0.39	0.16794839	1231	39
1.0	0.39	0.16794839	1232	39
1.0	0.39	0.16794839	1233	39
0.0	0.39	-0.83205161	1233	39
1.0	0.4	0.160924	1234	40
1.0	0.4	0.160924	1235	40
1.0	0.4	0.160924	1236	40
1.0	0.4	0.160924	1237	40
1.0	0.4	0.160924	1238	40
1.0	0.4	0.160924	1239	40
0.0	0.4	-0.839076	1239	40
1.0	0.4	0.160924	1240	40
1.0	0.4	0.160924	1241	40
0.0	0.4	-0.839076	1241	40
0.0	0.4	-0.839076	1241	40
1.0	0.4	0.160924	1242	40
0.0	0.4	-0.839076	1242	40
1.0	0.4	0.160924	1243	40
1.0	0.4	0.160924	1244	40
1.0	0.4	0.160924	1245	40
1.0	0.4	0.160924	1246	40
1.0	0.4	0.160924	1247	40
1.0	0.4	0.160924	1248	40
1.0	0.4	0.160924	1249	40
1.0	0.4	0.160924	1250	40
1.0	0.4	0.160924	1251	40
0.0	0.4	-0.839076	1251	40
1.0	0.4	0.160924	1252	40
1.0	0.4	0.160924	1253	40
1.0	0.4	0.160924	1254	40
1.0	0.4	0.160924	1255	40
0.0	0.4	-0.839076	1255	40
1.0	0.4	0.160924	1256	40
1.0	0.4	0.160924	1257	40
1.0	0.4	0.160924	1258	40
0.0	0.4	-0.839076	1258	40
1.0	0.4	0.160924	1259	40
1.0	0.4	0.160924	1260	40
1.0	0.4	0.160924	1261	40
1.0	0.4	0.160924	1262	40
1.0	0.4	0.160924	1263	40
0.0	0.4	-0.839076	1263	40
1.0	0.4	0.160924	1264	40
1.0	0.4	0.160924	1265	40
1.0	0.4	0.160924	1266	40
1.0	0.4	0.160924	1267	40
1.0	0.4	0.160924	1268	40
1.0	0.4	0.160924	1269	40
1.0	0.4	0.160924	1270	40
1.0	0.4	0.160924	1271	40
1.0	0.4	0.160924	1272	40
1.0	0.4	0.160924	1273	40
1.0	0.4	0.160924	1274	40
1.0	0.4	0.160924	1275	40
0.0	0.4	-0.839076	1275	40
1.0	0.4	0.160924	1276	40
1.0	0.4	0.160924	1277	40
1.0	0.4	0.160924	1278	40
1.0	0.4	0.160924	1279	40
0.0	0.4	-0.839076	1279	40
1.0	0.4	0.160924	1280	40
1.0	0.4	0.160924	1281	40
0.0	0.4	-0.839076	1281	40
1.0	0.4	0.160924	1282	40
0.0	0.4	-0.839076	1282	40
1.0	0.4	0.160924	1283	40
1.0	0.4	0.160924	1284	40
1.0	0.4	0.160924	1285	40
1.0	0.4	0.160924	1286	40
1.0	0.4	0.160924	1287	40
1.0	0.4	0.160924	1288	40
1.0	0.4	0.160924	1289	40
1.0	0.4	0.160924	1290	40
1.0	0.4	0.160924	1291	40
1.0	0.4	0.160924	1292	40
1.0	0.4	0.160924	1293	40
1.0	0.4	0.160924	1294	40
0.0	0.4	-0.839076	1294	40
0.0	0.4	-0.839076	1294	40
0.0	0.4	-0.839076	1294	40
1.0	0.4	0.160924	1295	40
1.0	0.4	0.160924	1296	40
1.0	0.4	0.160924	1297	40
1.0	0.4	0.160924	1298	40
1.0	0.4	0.160924	1299	40
1.0	0.4	0.160924	1300	40
1.0	0.4	0.160924	1301	40
1.0	0.4	0.160924	1302	40
1.0	0.4	0.160924	1303	40
1.0	0.4	0.160924	1304	40
1.0	0.4	0.160924	1305	40
1.0	0.4	0.160924	1306	40
1.0	0.4	0.160924	1307	40
1.0	0.4	0.160924	1308	40
1.0	0.4	0.160924	1309	40
1.0	0.4	0.160924	1310	40
1.0	0.4	0.160924	1311	40
1.0	0.4	0.160924	1312	40
1.0	0.4	0.160924	1313	40
1.0	0.4	0.160924	1314	40
1.0	0.4	0.160924	1315	40
1.0	0.4	0.160924	1316	40
1.0	0.4	0.160924	1317	40
1.0	0.4	0.160924	1318	40
1.0	0.4	0.160924	1319	40
1.0	0.4	0.160924	1320	40
1.0	0.4	0.160924	1321	40
1.0	0.4	0.160924	1322	40
1.0	0.4	0.160924	1323	40
1.0	0.4	0.160924	1324	40
1.0	0.4	0.160924	1325	40
1.0	0.4	0.160924	1326	40
0.0	0.4	-0.839076	1326	40
1.0	0.4	0.160924	1327	40
1.0	0.4	0.160924	1328	40
1.0	0.4	0.160924	1329	40
0.0	0.4	-0.839076	1329	40
1.0	0.4	0.160924	1330	40
1.0	0.4	0.160924	1331	40
0.0	0.4	-0.839076	1331	40
1.0	0.4	0.160924	1332	40
1.0	0.4	0.160924	1333	40
0.0	0.4	-0.839076	1333	40
0.0	0.4	-0.839076	1333	40
1.0	0.4	0.160924	1334	40
1.0	0.4	0.160924	1335	40
0.0	0.4	-0.839076	1335	40
1.0	0.4	0.160924	1336	40
1.0	0.4	0.160924	1337	40
1.0	0.4	0.160924	1338	40
1.0	0.4	0.160924	1339	40
1.0	0.4	0.160924	1340	40
1.0	0.4	0.160924	1341	40
1.0	0.4	0.160924	1342	40
1.0	0.4	0.160924	1343	40
1.0	0.4	0.160924	1344	40
1.0	0.4	0.160924	1345	40
1.0	0.4	0.160924	1346	40
1.0	0.4	0.160924	1347	40
1.0	0.4	0.160924	1348	40
1.0	0.4	0.160924	1349	40
1.0	0.4	0.160924	1350	40
1.0	0.4	0.160924	1351	40
0.0	0.4	-0.839076	1351	40
1.0	0.4	0.160924	1352	40
0.666666666667	0.4	-0.172409333333	1352	40
1.0	0.4	0.160924	1353	40
0.0	0.4	-0.839076	1353	40
1.0	0.4	0.160924	1354	40
1.0	0.4	0.160924	1355	40
1.0	0.4	0.160924	1356	40
1.0	0.4	0.160924	1357	40
1.0	0.4	0.160924	1358	40
1.0	0.4	0.160924	1359	40
1.0	0.4	0.160924	1360	40
1.0	0.4	0.160924	1361	40
1.0	0.4	0.160924	1362	40
0.0	0.4	-0.839076	1362	40
0.0	0.4	-0.839076	1362	40
1.0	0.4	0.160924	1363	40
1.0	0.4	0.160924	1364	40
1.0	0.4	0.160924	1365	40
1.0	0.4	0.160924	1366	40
1.0	0.4	0.160924	1367	40
1.0	0.4	0.160924	1368	40
1.0	0.4	0.160924	1369	40
1.0	0.4	0.160924	1370	40
1.0	0.4	0.160924	1371	40
1.0	0.4	0.160924	1372	40
1.0	0.4	0.160924	1373	40
1.0	0.4	0.160924	1374	40
1.0	0.4	0.160924	1375	40
1.0	0.4	0.160924	1376	40
1.0	0.4	0.160924	1377	40
0.0	0.4	-0.839076	1377	40
0.0	0.4	-0.839076	1377	40
0.0	0.4	-0.839076	1377	40
0.0	0.4	-0.839076	1377	40
0.0	0.4	-0.839076	1377	40
1.0	0.4	0.160924	1378	40
1.0	0.4	0.160924	1379	40
1.0	0.4	0.160924	1380	40
1.0	0.4	0.160924	1381	40
1.0	0.4	0.160924	1382	40
0.0	0.4	-0.839076	1382	40
1.0	0.4	0.160924	1383	40
0.0	0.4	-0.839076	1383	40
1.0	0.4	0.160924	1384	40
1.0	0.4	0.160924	1385	40
1.0	0.4	0.160924	1386	40
1.0	0.4	0.160924	1387	40
1.0	0.4	0.160924	1388	40
1.0	0.4	0.160924	1389	40
1.0	0.4	0.160924	1390	40
1.0	0.4	0.160924	1391	40
1.0	0.4	0.160924	1392	40
1.0	0.4	0.160924	1393	40
1.0	0.4	0.160924	1394	40
1.0	0.4	0.160924	1395	40
1.0	0.4	0.160924	1396	40
1.0	0.4	0.160924	1397	40
1.0	0.4	0.160924	1398	40
1.0	0.4	0.160924	1399	40
1.0	0.4	0.160924	1400	40
1.0	0.4	0.160924	1401	40
1.0	0.4	0.160924	1402	40
1.0	0.4	0.160924	1403	40
1.0	0.4	0.160924	1404	40
1.0	0.4	0.160924	1405	40
1.0	0.4	0.160924	1406	40
1.0	0.4	0.160924	1407	40
1.0	0.4	0.160924	1408	40
1.0	0.4	0.160924	1409	40
1.0	0.4	0.160924	1410	40
1.0	0.4	0.160924	1411	40
1.0	0.4	0.160924	1412	40
1.0	0.4	0.160924	1413	40
1.0	0.4	0.160924	1414	40
1.0	0.4	0.160924	1415	40
1.0	0.4	0.160924	1416	40
1.0	0.4	0.160924	1417	40
0.0	0.4	-0.839076	1417	40
1.0	0.4	0.160924	1418	40
0.0	0.4	-0.839076	1418	40
1.0	0.4	0.160924	1419	40
1.0	0.4	0.160924	1420	40
1.0	0.4	0.160924	1421	40
0.0	0.4	-0.839076	1421	40
1.0	0.4	0.160924	1422	40
1.0	0.4	0.160924	1423	40
1.0	0.4	0.160924	1424	40
0.0	0.4	-0.839076	1424	40
1.0	0.4	0.160924	1425	40
0.0	0.4	-0.839076	1425	40
1.0	0.4	0.160924	1426	40
1.0	0.4	0.160924	1427	40
1.0	0.4	0.160924	1428	40
1.0	0.4	0.160924	1429	40
0.0	0.4	-0.839076	1429	40
1.0	0.4	0.160924	1430	40
1.0	0.4	0.160924	1431	40
1.0	0.4	0.160924	1432	40
1.0	0.4	0.160924	1433	40
1.0	0.4	0.160924	1434	40
1.0	0.4	0.160924	1435	40
0.0	0.4	-0.839076	1435	40
1.0	0.4	0.160924	1436	40
1.0	0.4	0.160924	1437	40
1.0	0.4	0.160924	1438	40
1.0	0.4	0.160924	1439	40
1.0	0.4	0.160924	1440	40
1.0	0.4	0.160924	1441	40
0.0	0.4	-0.839076	1441	40
1.0	0.4	0.160924	1442	40
1.0	0.4	0.160924	1443	40
1.0	0.4	0.160924	1444	40
1.0	0.4	0.160924	1445	40
1.0	0.4	0.160924	1446	40
1.0	0.4	0.160924	1447	40
1.0	0.4	0.160924	1448	40
1.0	0.4	0.160924	1449	40
1.0	0.4	0.160924	1450	40
1.0	0.4	0.160924	1451	40
1.0	0.4	0.160924	1452	40
1.0	0.4	0.160924	1453	40
1.0	0.4	0.160924	1454	40
1.0	0.4	0.160924	1455	40
1.0	0.4	0.160924	1456	40
1.0	0.4	0.160924	1457	40
1.0	0.4	0.160924	1458	40
1.0	0.4	0.160924	1459	40
1.0	0.4	0.160924	1460	40
1.0	0.4	0.160924	1461	40
0.0	0.4	-0.839076	1461	40
1.0	0.4	0.160924	1462	40
1.0	0.4	0.160924	1463	40
0.0	0.4	-0.839076	1463	40
1.0	0.4	0.160924	1464	40
0.0	0.4	-0.839076	1464	40
0.0	0.4	-0.839076	1464	40
0.0	0.4	-0.839076	1464	40
1.0	0.4	0.160924	1465	40
0.0	0.4	-0.839076	1465	40
0.0	0.4	-0.839076	1465	40
0.0	0.39	-0.83205161	1465	39
1.0	0.39	0.16794839	1466	39
1.0	0.39	0.16794839	1467	39
1.0	0.39	0.16794839	1468	39
0.0	0.39	-0.83205161	1468	39
1.0	0.39	0.16794839	1469	39
1.0	0.39	0.16794839	1470	39
1.0	0.39	0.16794839	1471	39
1.0	0.39	0.16794839	1472	39
1.0	0.39	0.16794839	1473	39
1.0	0.39	0.16794839	1474	39
0.0	0.39	-0.83205161	1474	39
1.0	0.39	0.16794839	1475	39
1.0	0.39	0.16794839	1476	39
1.0	0.39	0.16794839	1477	39
1.0	0.39	0.16794839	1478	39
1.0	0.39	0.16794839	1479	39
1.0	0.39	0.16794839	1480	39
1.0	0.39	0.16794839	1481	39
1.0	0.39	0.16794839	1482	39
1.0	0.39	0.16794839	1483	39
1.0	0.39	0.16794839	1484	39
1.0	0.39	0.16794839	1485	39
1.0	0.39	0.16794839	1486	39
1.0	0.39	0.16794839	1487	39
0.0	0.39	-0.83205161	1487	39
1.0	0.39	0.16794839	1488	39
1.0	0.39	0.16794839	1489	39
1.0	0.39	0.16794839	1490	39
1.0	0.39	0.16794839	1491	39
0.0	0.39	-0.83205161	1491	39
1.0	0.39	0.16794839	1492	39
1.0	0.39	0.16794839	1493	39
0.0	0.39	-0.83205161	1493	39
1.0	0.39	0.16794839	1494	39
1.0	0.39	0.16794839	1495	39
0.0	0.39	-0.83205161	1495	39
1.0	0.39	0.16794839	1496	39
1.0	0.39	0.16794839	1497	39
1.0	0.39	0.16794839	1498	39
1.0	0.39	0.16794839	1499	39
1.0	0.39	0.16794839	1500	39
1.0	0.39	0.16794839	1501	39
0.0	0.39	-0.83205161	1501	39
0.0	0.39	-0.83205161	1501	39
0.0	0.39	-0.83205161	1501	39
1.0	0.39	0.16794839	1502	39
1.0	0.39	0.16794839	1503	39
1.0	0.39	0.16794839	1504	39
1.0	0.39	0.16794839	1505	39
1.0	0.39	0.16794839	1506	39
1.0	0.39	0.16794839	1507	39
1.0	0.39	0.16794839	1508	39
1.0	0.39	0.16794839	1509	39
1.0	0.39	0.16794839	1510	39
1.0	0.39	0.16794839	1511	39
1.0	0.39	0.16794839	1512	39
1.0	0.39	0.16794839	1513	39
1.0	0.39	0.16794839	1514	39
0.0	0.39	-0.83205161	1514	39
1.0	0.39	0.16794839	1515	39
1.0	0.39	0.16794839	1516	39
1.0	0.39	0.16794839	1517	39
1.0	0.39	0.16794839	1518	39
1.0	0.39	0.16794839	1519	39
1.0	0.39	0.16794839	1520	39
1.0	0.39	0.16794839	1521	39
1.0	0.39	0.16794839	1522	39
1.0	0.39	0.16794839	1523	39
1.0	0.39	0.16794839	1524	39
0.0	0.39	-0.83205161	1524	39
1.0	0.39	0.16794839	1525	39
1.0	0.39	0.16794839	1526	39
1.0	0.39	0.16794839	1527	39
1.0	0.39	0.16794839	1528	39
1.0	0.39	0.16794839	1529	39
1.0	0.39	0.16794839	1530	39
1.0	0.39	0.16794839	1531	39
0.0	0.39	-0.83205161	1531	39
1.0	0.39	0.16794839	1532	39
1.0	0.4	0.160924	1533	40
1.0	0.4	0.160924	1534	40
1.0	0.4	0.160924	1535	40
1.0	0.4	0.160924	1536	40
1.0	0.4	0.160924	1537	40
1.0	0.4	0.160924	1538	40
0.0	0.4	-0.839076	1538	40
1.0	0.4	0.160924	1539	40
1.0	0.4	0.160924	1540	40
0.0	0.4	-0.839076	1540	40
1.0	0.4	0.160924	1541	40
0.0	0.4	-0.839076	1541	40
1.0	0.4	0.160924	1542	40
0.0	0.4	-0.839076	1542	40
1.0	0.4	0.160924	1543	40
1.0	0.4	0.160924	1544	40
1.0	0.4	0.160924	1545	40
1.0	0.4	0.160924	1546	40
1.0	0.4	0.160924	1547	40
1.0	0.4	0.160924	1548	40
1.0	0.41	0.15375679	1549	41
1.0	0.41	0.15375679	1550	41
1.0	0.41	0.15375679	1551	41
1.0	0.41	0.15375679	1552	41
1.0	0.41	0.15375679	1553	41
1.0	0.41	0.15375679	1554	41
1.0	0.41	0.15375679	1555	41
0.0	0.41	-0.84624321	1555	41
1.0	0.41	0.15375679	1556	41
1.0	0.41	0.15375679	1557	41
1.0	0.41	0.15375679	1558	41
1.0	0.41	0.15375679	1559	41
1.0	0.41	0.15375679	1560	41
1.0	0.41	0.15375679	1561	41
1.0	0.41	0.15375679	1562	41
1.0	0.41	0.15375679	1563	41
0.0	0.41	-0.84624321	1563	41
1.0	0.41	0.15375679	1564	41
1.0	0.41	0.15375679	1565	41
1.0	0.41	0.15375679	1566	41
1.0	0.41	0.15375679	1567	41
1.0	0.41	0.15375679	1568	41
1.0	0.41	0.15375679	1569	41
0.333333333333	0.41	-0.512909876667	1569	41
1.0	0.41	0.15375679	1570	41
1.0	0.41	0.15375679	1571	41
1.0	0.41	0.15375679	1572	41
1.0	0.41	0.15375679	1573	41
1.0	0.41	0.15375679	1574	41
1.0	0.41	0.15375679	1575	41
1.0	0.41	0.15375679	1576	41
1.0	0.41	0.15375679	1577	41
1.0	0.41	0.15375679	1578	41
0.0	0.41	-0.84624321	1578	41
1.0	0.41	0.15375679	1579	41
1.0	0.41	0.15375679	1580	41
1.0	0.41	0.15375679	1581	41
1.0	0.41	0.15375679	1582	41
1.0	0.41	0.15375679	1583	41
1.0	0.41	0.15375679	1584	41
1.0	0.41	0.15375679	1585	41
1.0	0.41	0.15375679	1586	41
1.0	0.41	0.15375679	1587	41
1.0	0.41	0.15375679	1588	41
1.0	0.41	0.15375679	1589	41
1.0	0.41	0.15375679	1590	41
1.0	0.41	0.15375679	1591	41
1.0	0.41	0.15375679	1592	41
1.0	0.41	0.15375679	1593	41
1.0	0.41	0.15375679	1594	41
1.0	0.41	0.15375679	1595	41
1.0	0.41	0.15375679	1596	41
1.0	0.41	0.15375679	1597	41
1.0	0.41	0.15375679	1598	41
1.0	0.41	0.15375679	1599	41
1.0	0.41	0.15375679	1600	41
1.0	0.41	0.15375679	1601	41
1.0	0.41	0.15375679	1602	41
1.0	0.41	0.15375679	1603	41
1.0	0.41	0.15375679	1604	41
1.0	0.4	0.160924	1605	40
1.0	0.4	0.160924	1606	40
1.0	0.4	0.160924	1607	40
1.0	0.4	0.160924	1608	40
1.0	0.4	0.160924	1609	40
1.0	0.4	0.160924	1610	40
1.0	0.4	0.160924	1611	40
1.0	0.4	0.160924	1612	40
1.0	0.4	0.160924	1613	40
1.0	0.4	0.160924	1614	40
1.0	0.4	0.160924	1615	40
1.0	0.4	0.160924	1616	40
1.0	0.4	0.160924	1617	40
1.0	0.4	0.160924	1618	40
0.0	0.4	-0.839076	1618	40
1.0	0.4	0.160924	1619	40
1.0	0.4	0.160924	1620	40
1.0	0.4	0.160924	1621	40
0.0	0.4	-0.839076	1621	40
1.0	0.4	0.160924	1622	40
1.0	0.4	0.160924	1623	40
1.0	0.4	0.160924	1624	40
0.0	0.4	-0.839076	1624	40
1.0	0.4	0.160924	1625	40
1.0	0.4	0.160924	1626	40
1.0	0.4	0.160924	1627	40
1.0	0.4	0.160924	1628	40
1.0	0.4	0.160924	1629	40
1.0	0.4	0.160924	1630	40
1.0	0.4	0.160924	1631	40
1.0	0.4	0.160924	1632	40
1.0	0.4	0.160924	1633	40
1.0	0.4	0.160924	1634	40
0.0	0.4	-0.839076	1634	40
1.0	0.4	0.160924	1635	40
0.0	0.4	-0.839076	1635	40
1.0	0.4	0.160924	1636	40
1.0	0.4	0.160924	1637	40
1.0	0.4	0.160924	1638	40
1.0	0.4	0.160924	1639	40
1.0	0.4	0.160924	1640	40
1.0	0.4	0.160924	1641	40
1.0	0.4	0.160924	1642	40
1.0	0.4	0.160924	1643	40
1.0	0.4	0.160924	1644	40
1.0	0.4	0.160924	1645	40
1.0	0.4	0.160924	1646	40
1.0	0.4	0.160924	1647	40
1.0	0.4	0.160924	1648	40
0.0	0.4	-0.839076	1648	40
1.0	0.4	0.160924	1649	40
1.0	0.4	0.160924	1650	40
1.0	0.4	0.160924	1651	40
1.0	0.4	0.160924	1652	40
1.0	0.4	0.160924	1653	40
1.0	0.4	0.160924	1654	40
1.0	0.4	0.160924	1655	40
1.0	0.4	0.160924	1656	40
1.0	0.4	0.160924	1657	40
1.0	0.4	0.160924	1658	40
1.0	0.4	0.160924	1659	40
0.0	0.4	-0.839076	1659	40
1.0	0.4	0.160924	1660	40
1.0	0.4	0.160924	1661	40
1.0	0.4	0.160924	1662	40
1.0	0.4	0.160924	1663	40
1.0	0.4	0.160924	1664	40
1.0	0.4	0.160924	1665	40
1.0	0.4	0.160924	1666	40
1.0	0.4	0.160924	1667	40
1.0	0.4	0.160924	1668	40
1.0	0.4	0.160924	1669	40
1.0	0.4	0.160924	1670	40
1.0	0.4	0.160924	1671	40
1.0	0.4	0.160924	1672	40
1.0	0.4	0.160924	1673	40
0.0	0.4	-0.839076	1673	40
1.0	0.4	0.160924	1674	40
1.0	0.4	0.160924	1675	40
0.0	0.4	-0.839076	1675	40
1.0	0.39	0.16794839	1676	39
1.0	0.39	0.16794839	1677	39
1.0	0.39	0.16794839	1678	39
1.0	0.39	0.16794839	1679	39
1.0	0.39	0.16794839	1680	39
1.0	0.39	0.16794839	1681	39
1.0	0.39	0.16794839	1682	39
1.0	0.39	0.16794839	1683	39
0.0	0.39	-0.83205161	1683	39
0.333333333333	0.39	-0.498718276667	1683	39
0.0	0.39	-0.83205161	1683	39
1.0	0.39	0.16794839	1684	39
1.0	0.39	0.16794839	1685	39
0.0	0.39	-0.83205161	1685	39
1.0	0.39	0.16794839	1686	39
1.0	0.39	0.16794839	1687	39
1.0	0.39	0.16794839	1688	39
1.0	0.39	0.16794839	1689	39
1.0	0.39	0.16794839	1690	39
1.0	0.39	0.16794839	1691	39
0.0	0.39	-0.83205161	1691	39
1.0	0.39	0.16794839	1692	39
0.0	0.39	-0.83205161	1692	39
1.0	0.39	0.16794839	1693	39
1.0	0.39	0.16794839	1694	39
1.0	0.39	0.16794839	1695	39
1.0	0.39	0.16794839	1696	39
1.0	0.39	0.16794839	1697	39
1.0	0.39	0.16794839	1698	39
1.0	0.39	0.16794839	1699	39
0.0	0.39	-0.83205161	1699	39
1.0	0.39	0.16794839	1700	39
0.0	0.39	-0.83205161	1700	39
0.0	0.39	-0.83205161	1700	39
1.0	0.39	0.16794839	1701	39
1.0	0.39	0.16794839	1702	39
1.0	0.39	0.16794839	1703	39
1.0	0.39	0.16794839	1704	39
1.0	0.39	0.16794839	1705	39
1.0	0.39	0.16794839	1706	39
1.0	0.39	0.16794839	1707	39
1.0	0.39	0.16794839	1708	39
1.0	0.39	0.16794839	1709	39
1.0	0.39	0.16794839	1710	39
1.0	0.39	0.16794839	1711	39
1.0	0.39	0.16794839	1712	39
1.0	0.39	0.16794839	1713	39
1.0	0.39	0.16794839	1714	39
1.0	0.39	0.16794839	1715	39
1.0	0.39	0.16794839	1716	39
1.0	0.39	0.16794839	1717	39
1.0	0.39	0.16794839	1718	39
1.0	0.39	0.16794839	1719	39
1.0	0.39	0.16794839	1720	39
1.0	0.39	0.16794839	1721	39
0.0	0.39	-0.83205161	1721	39
1.0	0.39	0.16794839	1722	39
1.0	0.39	0.16794839	1723	39
1.0	0.39	0.16794839	1724	39
1.0	0.39	0.16794839	1725	39
1.0	0.39	0.16794839	1726	39
1.0	0.39	0.16794839	1727	39
1.0	0.39	0.16794839	1728	39
1.0	0.39	0.16794839	1729	39
1.0	0.39	0.16794839	1730	39
1.0	0.39	0.16794839	1731	39
0.0	0.39	-0.83205161	1731	39
1.0	0.39	0.16794839	1732	39
0.0	0.39	-0.83205161	1732	39
1.0	0.39	0.16794839	1733	39
1.0	0.39	0.16794839	1734	39
1.0	0.39	0.16794839	1735	39
1.0	0.39	0.16794839	1736	39
1.0	0.39	0.16794839	1737	39
1.0	0.39	0.16794839	1738	39
0.0	0.39	-0.83205161	1738	39
1.0	0.39	0.16794839	1739	39
1.0	0.39	0.16794839	1740	39
1.0	0.39	0.16794839	1741	39
1.0	0.39	0.16794839	1742	39
0.0	0.39	-0.83205161	1742	39
1.0	0.39	0.16794839	1743	39
1.0	0.39	0.16794839	1744	39
1.0	0.39	0.16794839	1745	39
1.0	0.39	0.16794839	1746	39
1.0	0.39	0.16794839	1747	39
1.0	0.39	0.16794839	1748	39
1.0	0.39	0.16794839	1749	39
1.0	0.39	0.16794839	1750	39
1.0	0.39	0.16794839	1751	39
1.0	0.39	0.16794839	1752	39
1.0	0.39	0.16794839	1753	39
1.0	0.39	0.16794839	1754	39
0.0	0.39	-0.83205161	1754	39
0.0	0.39	-0.83205161	1754	39
1.0	0.39	0.16794839	1755	39
0.0	0.39	-0.83205161	1755	39
1.0	0.39	0.16794839	1756	39
1.0	0.39	0.16794839	1757	39
1.0	0.39	0.16794839	1758	39
1.0	0.39	0.16794839	1759	39
1.0	0.39	0.16794839	1760	39
1.0	0.39	0.16794839	1761	39
1.0	0.39	0.16794839	1762	39
0.0	0.39	-0.83205161	1762	39
1.0	0.39	0.16794839	1763	39
1.0	0.39	0.16794839	1764	39
0.0	0.39	-0.83205161	1764	39
1.0	0.39	0.16794839	1765	39
0.0	0.39	-0.83205161	1765	39
1.0	0.39	0.16794839	1766	39
1.0	0.39	0.16794839	1767	39
0.0	0.39	-0.83205161	1767	39
1.0	0.39	0.16794839	1768	39
1.0	0.39	0.16794839	1769	39
1.0	0.39	0.16794839	1770	39
1.0	0.39	0.16794839	1771	39
0.0	0.39	-0.83205161	1771	39
1.0	0.39	0.16794839	1772	39
1.0	0.39	0.16794839	1773	39
1.0	0.39	0.16794839	1774	39
1.0	0.39	0.16794839	1775	39
1.0	0.39	0.16794839	1776	39
0.0	0.39	-0.83205161	1776	39
0.0	0.39	-0.83205161	1776	39
0.0	0.39	-0.83205161	1776	39
0.0	0.39	-0.83205161	1776	39
1.0	0.39	0.16794839	1777	39
1.0	0.39	0.16794839	1778	39
1.0	0.39	0.16794839	1779	39
0.0	0.39	-0.83205161	1779	39
1.0	0.39	0.16794839	1780	39
1.0	0.39	0.16794839	1781	39
0.0	0.39	-0.83205161	1781	39
0.0	0.39	-0.83205161	1781	39
1.0	0.39	0.16794839	1782	39
1.0	0.39	0.16794839	1783	39
1.0	0.39	0.16794839	1784	39
1.0	0.39	0.16794839	1785	39
1.0	0.39	0.16794839	1786	39
0.0	0.39	-0.83205161	1786	39
1.0	0.39	0.16794839	1787	39
1.0	0.39	0.16794839	1788	39
1.0	0.39	0.16794839	1789	39
1.0	0.39	0.16794839	1790	39
1.0	0.39	0.16794839	1791	39
0.0	0.39	-0.83205161	1791	39
1.0	0.39	0.16794839	1792	39
0.0	0.39	-0.83205161	1792	39
1.0	0.39	0.16794839	1793	39
1.0	0.39	0.16794839	1794	39
1.0	0.39	0.16794839	1795	39
1.0	0.39	0.16794839	1796	39
1.0	0.39	0.16794839	1797	39
1.0	0.39	0.16794839	1798	39
1.0	0.39	0.16794839	1799	39
1.0	0.39	0.16794839	1800	39
0.0	0.39	-0.83205161	1800	39
1.0	0.39	0.16794839	1801	39
1.0	0.39	0.16794839	1802	39
1.0	0.39	0.16794839	1803	39
0.0	0.39	-0.83205161	1803	39
0.0	0.39	-0.83205161	1803	39
1.0	0.39	0.16794839	1804	39
1.0	0.39	0.16794839	1805	39
1.0	0.39	0.16794839	1806	39
1.0	0.39	0.16794839	1807	39
0.0	0.39	-0.83205161	1807	39
1.0	0.39	0.16794839	1808	39
0.0	0.39	-0.83205161	1808	39
1.0	0.39	0.16794839	1809	39
1.0	0.39	0.16794839	1810	39
1.0	0.39	0.16794839	1811	39
1.0	0.39	0.16794839	1812	39
0.0	0.39	-0.83205161	1812	39
1.0	0.39	0.16794839	1813	39
1.0	0.39	0.16794839	1814	39
1.0	0.39	0.16794839	1815	39
1.0	0.39	0.16794839	1816	39
0.0	0.39	-0.83205161	1816	39
1.0	0.39	0.16794839	1817	39
1.0	0.39	0.16794839	1818	39
1.0	0.39	0.16794839	1819	39
1.0	0.39	0.16794839	1820	39
1.0	0.39	0.16794839	1821	39
0.0	0.39	-0.83205161	1821	39
1.0	0.39	0.16794839	1822	39
1.0	0.39	0.16794839	1823	39
0.0	0.39	-0.83205161	1823	39
1.0	0.39	0.16794839	1824	39
1.0	0.39	0.16794839	1825	39
0.0	0.39	-0.83205161	1825	39
1.0	0.39	0.16794839	1826	39
1.0	0.39	0.16794839	1827	39
1.0	0.39	0.16794839	1828	39
1.0	0.39	0.16794839	1829	39
1.0	0.39	0.16794839	1830	39
1.0	0.39	0.16794839	1831	39
1.0	0.39	0.16794839	1832	39
0.0	0.39	-0.83205161	1832	39
1.0	0.4	0.160924	1833	40
1.0	0.4	0.160924	1834	40
1.0	0.4	0.160924	1835	40
1.0	0.4	0.160924	1836	40
1.0	0.4	0.160924	1837	40
1.0	0.4	0.160924	1838	40
1.0	0.4	0.160924	1839	40
1.0	0.4	0.160924	1840	40
0.0	0.4	-0.839076	1840	40
1.0	0.4	0.160924	1841	40
1.0	0.4	0.160924	1842	40
1.0	0.4	0.160924	1843	40
1.0	0.4	0.160924	1844	40
1.0	0.4	0.160924	1845	40
1.0	0.4	0.160924	1846	40
1.0	0.4	0.160924	1847	40
1.0	0.4	0.160924	1848	40
1.0	0.4	0.160924	1849	40
1.0	0.4	0.160924	1850	40
1.0	0.4	0.160924	1851	40
1.0	0.4	0.160924	1852	40
1.0	0.4	0.160924	1853	40
1.0	0.4	0.160924	1854	40
1.0	0.4	0.160924	1855	40
1.0	0.4	0.160924	1856	40
1.0	0.4	0.160924	1857	40
1.0	0.4	0.160924	1858	40
0.0	0.4	-0.839076	1858	40
1.0	0.4	0.160924	1859	40
1.0	0.4	0.160924	1860	40
1.0	0.4	0.160924	1861	40
1.0	0.4	0.160924	1862	40
1.0	0.4	0.160924	1863	40
1.0	0.4	0.160924	1864	40
1.0	0.4	0.160924	1865	40
1.0	0.4	0.160924	1866	40
1.0	0.4	0.160924	1867	40
1.0	0.4	0.160924	1868	40
0.0	0.4	-0.839076	1868	40
1.0	0.4	0.160924	1869	40
1.0	0.4	0.160924	1870	40
1.0	0.4	0.160924	1871	40
1.0	0.4	0.160924	1872	40
1.0	0.4	0.160924	1873	40
0.0	0.4	-0.839076	1873	40
1.0	0.4	0.160924	1874	40
1.0	0.4	0.160924	1875	40
1.0	0.4	0.160924	1876	40
1.0	0.4	0.160924	1877	40
1.0	0.4	0.160924	1878	40
1.0	0.4	0.160924	1879	40
1.0	0.4	0.160924	1880	40
1.0	0.4	0.160924	1881	40
1.0	0.4	0.160924	1882	40
1.0	0.4	0.160924	1883	40
1.0	0.4	0.160924	1884	40
1.0	0.4	0.160924	1885	40
1.0	0.4	0.160924	1886	40
1.0	0.4	0.160924	1887	40
1.0	0.4	0.160924	1888	40
0.0	0.4	-0.839076	1888	40
0.0	0.4	-0.839076	1888	40
1.0	0.4	0.160924	1889	40
1.0	0.4	0.160924	1890	40
1.0	0.4	0.160924	1891	40
0.0	0.4	-0.839076	1891	40
1.0	0.4	0.160924	1892	40
1.0	0.4	0.160924	1893	40
1.0	0.4	0.160924	1894	40
1.0	0.4	0.160924	1895	40
1.0	0.4	0.160924	1896	40
1.0	0.4	0.160924	1897	40
1.0	0.4	0.160924	1898	40
0.0	0.4	-0.839076	1898	40
1.0	0.4	0.160924	1899	40
1.0	0.4	0.160924	1900	40
1.0	0.4	0.160924	1901	40
0.0	0.4	-0.839076	1901	40
1.0	0.4	0.160924	1902	40
1.0	0.4	0.160924	1903	40
1.0	0.4	0.160924	1904	40
1.0	0.4	0.160924	1905	40
1.0	0.4	0.160924	1906	40
0.0	0.4	-0.839076	1906	40
1.0	0.4	0.160924	1907	40
1.0	0.4	0.160924	1908	40
1.0	0.4	0.160924	1909	40
1.0	0.4	0.160924	1910	40
1.0	0.4	0.160924	1911	40
1.0	0.4	0.160924	1912	40
1.0	0.4	0.160924	1913	40
0.0	0.4	-0.839076	1913	40
1.0	0.4	0.160924	1914	40
1.0	0.4	0.160924	1915	40
1.0	0.4	0.160924	1916	40
1.0	0.4	0.160924	1917	40
0.0	0.4	-0.839076	1917	40
1.0	0.4	0.160924	1918	40
1.0	0.4	0.160924	1919	40
1.0	0.4	0.160924	1920	40
1.0	0.4	0.160924	1921	40
0.0	0.4	-0.839076	1921	40
1.0	0.4	0.160924	1922	40
1.0	0.4	0.160924	1923	40
1.0	0.4	0.160924	1924	40
1.0	0.4	0.160924	1925	40
1.0	0.4	0.160924	1926	40
1.0	0.4	0.160924	1927	40
1.0	0.4	0.160924	1928	40
1.0	0.4	0.160924	1929	40
0.0	0.4	-0.839076	1929	40
1.0	0.4	0.160924	1930	40
1.0	0.4	0.160924	1931	40
0.0	0.4	-0.839076	1931	40
1.0	0.4	0.160924	1932	40
1.0	0.4	0.160924	1933	40
1.0	0.4	0.160924	1934	40
1.0	0.4	0.160924	1935	40
1.0	0.4	0.160924	1936	40
1.0	0.4	0.160924	1937	40
1.0	0.4	0.160924	1938	40
1.0	0.4	0.160924	1939	40
1.0	0.4	0.160924	1940	40
0.0	0.4	-0.839076	1940	40
1.0	0.4	0.160924	1941	40
0.0	0.4	-0.839076	1941	40
1.0	0.4	0.160924	1942	40
1.0	0.4	0.160924	1943	40
1.0	0.4	0.160924	1944	40
1.0	0.4	0.160924	1945	40
0.0	0.4	-0.839076	1945	40
0.0	0.4	-0.839076	1945	40
1.0	0.4	0.160924	1946	40
1.0	0.4	0.160924	1947	40
1.0	0.4	0.160924	1948	40
1.0	0.4	0.160924	1949	40
1.0	0.4	0.160924	1950	40
1.0	0.4	0.160924	1951	40
1.0	0.4	0.160924	1952	40
1.0	0.4	0.160924	1953	40
1.0	0.4	0.160924	1954	40
1.0	0.4	0.160924	1955	40
1.0	0.4	0.160924	1956	40
1.0	0.4	0.160924	1957	40
0.0	0.4	-0.839076	1957	40
0.0	0.4	-0.839076	1957	40
1.0	0.4	0.160924	1958	40
1.0	0.4	0.160924	1959	40
1.0	0.4	0.160924	1960	40
1.0	0.4	0.160924	1961	40
1.0	0.4	0.160924	1962	40
1.0	0.4	0.160924	1963	40
0.0	0.4	-0.839076	1963	40
1.0	0.4	0.160924	1964	40
0.0	0.4	-0.839076	1964	40
1.0	0.4	0.160924	1965	40
1.0	0.4	0.160924	1966	40
1.0	0.4	0.160924	1967	40
1.0	0.4	0.160924	1968	40
1.0	0.4	0.160924	1969	40
1.0	0.4	0.160924	1970	40
1.0	0.4	0.160924	1971	40
1.0	0.4	0.160924	1972	40
1.0	0.4	0.160924	1973	40
1.0	0.4	0.160924	1974	40
0.0	0.4	-0.839076	1974	40
1.0	0.4	0.160924	1975	40
1.0	0.4	0.160924	1976	40
1.0	0.4	0.160924	1977	40
1.0	0.4	0.160924	1978	40
1.0	0.4	0.160924	1979	40
1.0	0.4	0.160924	1980	40
1.0	0.4	0.160924	1981	40
1.0	0.4	0.160924	1982	40
1.0	0.4	0.160924	1983	40
1.0	0.4	0.160924	1984	40
1.0	0.4	0.160924	1985	40
1.0	0.4	0.160924	1986	40
1.0	0.4	0.160924	1987	40
1.0	0.4	0.160924	1988	40
1.0	0.4	0.160924	1989	40
1.0	0.4	0.160924	1990	40
1.0	0.4	0.160924	1991	40
1.0	0.4	0.160924	1992	40
1.0	0.4	0.160924	1993	40
1.0	0.4	0.160924	1994	40
1.0	0.4	0.160924	1995	40
1.0	0.4	0.160924	1996	40
1.0	0.4	0.160924	1997	40
1.0	0.4	0.160924	1998	40
1.0	0.4	0.160924	1999	40
0.0	0.4	-0.839076	1999	40
1.0	0.4	0.160924	2000	40
1.0	0.4	0.160924	2001	40
1.0	0.4	0.160924	2002	40
1.0	0.4	0.160924	2003	40
1.0	0.4	0.160924	2004	40
1.0	0.4	0.160924	2005	40
1.0	0.4	0.160924	2006	40
1.0	0.4	0.160924	2007	40
1.0	0.4	0.160924	2008	40
0.0	0.4	-0.839076	2008	40
1.0	0.4	0.160924	2009	40
1.0	0.4	0.160924	2010	40
1.0	0.4	0.160924	2011	40
1.0	0.4	0.160924	2012	40
1.0	0.4	0.160924	2013	40
0.0	0.4	-0.839076	2013	40
1.0	0.4	0.160924	2014	40
0.0	0.4	-0.839076	2014	40
1.0	0.4	0.160924	2015	40
1.0	0.4	0.160924	2016	40
1.0	0.4	0.160924	2017	40
1.0	0.4	0.160924	2018	40
1.0	0.4	0.160924	2019	40
1.0	0.4	0.160924	2020	40
0.0	0.4	-0.839076	2020	40
1.0	0.4	0.160924	2021	40
0.0	0.4	-0.839076	2021	40
1.0	0.4	0.160924	2022	40
1.0	0.4	0.160924	2023	40
1.0	0.4	0.160924	2024	40
1.0	0.4	0.160924	2025	40
1.0	0.4	0.160924	2026	40
0.0	0.4	-0.839076	2026	40
1.0	0.4	0.160924	2027	40
1.0	0.4	0.160924	2028	40
1.0	0.4	0.160924	2029	40
1.0	0.4	0.160924	2030	40
0.0	0.4	-0.839076	2030	40
1.0	0.4	0.160924	2031	40
1.0	0.4	0.160924	2032	40
0.0	0.4	-0.839076	2032	40
1.0	0.4	0.160924	2033	40
1.0	0.4	0.160924	2034	40
1.0	0.4	0.160924	2035	40
1.0	0.4	0.160924	2036	40
1.0	0.4	0.160924	2037	40
1.0	0.4	0.160924	2038	40
0.0	0.4	-0.839076	2038	40
1.0	0.4	0.160924	2039	40
1.0	0.4	0.160924	2040	40
1.0	0.4	0.160924	2041	40
0.0	0.4	-0.839076	2041	40
0.0	0.4	-0.839076	2041	40
1.0	0.4	0.160924	2042	40
0.0	0.4	-0.839076	2042	40
1.0	0.4	0.160924	2043	40
1.0	0.4	0.160924	2044	40
1.0	0.4	0.160924	2045	40
1.0	0.4	0.160924	2046	40
1.0	0.4	0.160924	2047	40
1.0	0.4	0.160924	2048	40
0.333333333333	0.4	-0.505742666667	2048	40
1.0	0.4	0.160924	2049	40
1.0	0.4	0.160924	2050	40
1.0	0.4	0.160924	2051	40
1.0	0.4	0.160924	2052	40
1.0	0.4	0.160924	2053	40
0.0	0.4	-0.839076	2053	40
1.0	0.4	0.160924	2054	40
1.0	0.4	0.160924	2055	40
1.0	0.4	0.160924	2056	40
1.0	0.4	0.160924	2057	40
1.0	0.4	0.160924	2058	40
1.0	0.4	0.160924	2059	40
0.0	0.4	-0.839076	2059	40
1.0	0.4	0.160924	2060	40
1.0	0.4	0.160924	2061	40
1.0	0.4	0.160924	2062	40
1.0	0.4	0.160924	2063	40
0.0	0.4	-0.839076	2063	40
1.0	0.4	0.160924	2064	40
1.0	0.4	0.160924	2065	40
1.0	0.4	0.160924	2066	40
1.0	0.4	0.160924	2067	40
1.0	0.4	0.160924	2068	40
1.0	0.4	0.160924	2069	40
1.0	0.4	0.160924	2070	40
1.0	0.4	0.160924	2071	40
1.0	0.4	0.160924	2072	40
1.0	0.4	0.160924	2073	40
1.0	0.4	0.160924	2074	40
0.0	0.4	-0.839076	2074	40
1.0	0.4	0.160924	2075	40
1.0	0.4	0.160924	2076	40
1.0	0.4	0.160924	2077	40
1.0	0.4	0.160924	2078	40
1.0	0.4	0.160924	2079	40
1.0	0.4	0.160924	2080	40
1.0	0.4	0.160924	2081	40
0.0	0.4	-0.839076	2081	40
1.0	0.4	0.160924	2082	40
1.0	0.4	0.160924	2083	40
1.0	0.4	0.160924	2084	40
1.0	0.4	0.160924	2085	40
1.0	0.4	0.160924	2086	40
1.0	0.4	0.160924	2087	40
1.0	0.4	0.160924	2088	40
0.0	0.4	-0.839076	2088	40
1.0	0.4	0.160924	2089	40
1.0	0.4	0.160924	2090	40
1.0	0.4	0.160924	2091	40
0.0	0.4	-0.839076	2091	40
1.0	0.4	0.160924	2092	40
1.0	0.4	0.160924	2093	40
1.0	0.4	0.160924	2094	40
1.0	0.4	0.160924	2095	40
1.0	0.4	0.160924	2096	40
1.0	0.4	0.160924	2097	40
1.0	0.4	0.160924	2098	40
1.0	0.4	0.160924	2099	40
0.0	0.4	-0.839076	2099	40
0.0	0.4	-0.839076	2099	40
1.0	0.4	0.160924	2100	40
1.0	0.4	0.160924	2101	40
1.0	0.4	0.160924	2102	40
1.0	0.4	0.160924	2103	40
1.0	0.4	0.160924	2104	40
1.0	0.4	0.160924	2105	40
1.0	0.4	0.160924	2106	40
1.0	0.4	0.160924	2107	40
0.0	0.4	-0.839076	2107	40
1.0	0.4	0.160924	2108	40
1.0	0.4	0.160924	2109	40
1.0	0.4	0.160924	2110	40
0.0	0.4	-0.839076	2110	40
1.0	0.4	0.160924	2111	40
1.0	0.4	0.160924	2112	40
1.0	0.4	0.160924	2113	40
1.0	0.4	0.160924	2114	40
1.0	0.4	0.160924	2115	40
1.0	0.4	0.160924	2116	40
1.0	0.4	0.160924	2117	40
1.0	0.4	0.160924	2118	40
1.0	0.4	0.160924	2119	40
1.0	0.4	0.160924	2120	40
0.0	0.4	-0.839076	2120	40
0.0	0.4	-0.839076	2120	40
1.0	0.4	0.160924	2121	40
1.0	0.4	0.160924	2122	40
1.0	0.4	0.160924	2123	40
1.0	0.4	0.160924	2124	40
1.0	0.4	0.160924	2125	40
1.0	0.4	0.160924	2126	40
1.0	0.4	0.160924	2127	40
0.0	0.4	-0.839076	2127	40
1.0	0.4	0.160924	2128	40
1.0	0.4	0.160924	2129	40
1.0	0.4	0.160924	2130	40
0.0	0.4	-0.839076	2130	40
1.0	0.4	0.160924	2131	40
1.0	0.4	0.160924	2132	40
1.0	0.4	0.160924	2133	40
1.0	0.4	0.160924	2134	40
1.0	0.4	0.160924	2135	40
0.0	0.4	-0.839076	2135	40
1.0	0.4	0.160924	2136	40
0.0	0.4	-0.839076	2136	40
1.0	0.4	0.160924	2137	40
1.0	0.4	0.160924	2138	40
1.0	0.4	0.160924	2139	40
1.0	0.4	0.160924	2140	40
1.0	0.4	0.160924	2141	40
1.0	0.4	0.160924	2142	40
1.0	0.4	0.160924	2143	40
1.0	0.4	0.160924	2144	40
0.0	0.4	-0.839076	2144	40
1.0	0.4	0.160924	2145	40
1.0	0.4	0.160924	2146	40
1.0	0.4	0.160924	2147	40
1.0	0.4	0.160924	2148	40
1.0	0.4	0.160924	2149	40
1.0	0.4	0.160924	2150	40
1.0	0.4	0.160924	2151	40
1.0	0.4	0.160924	2152	40
1.0	0.4	0.160924	2153	40
0.333333333333	0.4	-0.505742666667	2153	40
1.0	0.4	0.160924	2154	40
1.0	0.4	0.160924	2155	40
0.0	0.4	-0.839076	2155	40
1.0	0.4	0.160924	2156	40
1.0	0.4	0.160924	2157	40
1.0	0.4	0.160924	2158	40
1.0	0.4	0.160924	2159	40
1.0	0.4	0.160924	2160	40
1.0	0.4	0.160924	2161	40
1.0	0.4	0.160924	2162	40
1.0	0.4	0.160924	2163	40
1.0	0.4	0.160924	2164	40
1.0	0.4	0.160924	2165	40
1.0	0.4	0.160924	2166	40
1.0	0.4	0.160924	2167	40
1.0	0.4	0.160924	2168	40
1.0	0.4	0.160924	2169	40
0.0	0.4	-0.839076	2169	40
1.0	0.4	0.160924	2170	40
1.0	0.4	0.160924	2171	40
1.0	0.4	0.160924	2172	40
1.0	0.4	0.160924	2173	40
1.0	0.4	0.160924	2174	40
1.0	0.4	0.160924	2175	40
1.0	0.4	0.160924	2176	40
1.0	0.4	0.160924	2177	40
0.0	0.4	-0.839076	2177	40
1.0	0.4	0.160924	2178	40
1.0	0.4	0.160924	2179	40
1.0	0.4	0.160924	2180	40
1.0	0.4	0.160924	2181	40
1.0	0.4	0.160924	2182	40
1.0	0.4	0.160924	2183	40
0.0	0.4	-0.839076	2183	40
1.0	0.4	0.160924	2184	40
1.0	0.4	0.160924	2185	40
0.0	0.4	-0.839076	2185	40
1.0	0.4	0.160924	2186	40
1.0	0.4	0.160924	2187	40
1.0	0.4	0.160924	2188	40
1.0	0.4	0.160924	2189	40
1.0	0.4	0.160924	2190	40
1.0	0.4	0.160924	2191	40
1.0	0.4	0.160924	2192	40
1.0	0.4	0.160924	2193	40
0.0	0.4	-0.839076	2193	40
1.0	0.4	0.160924	2194	40
1.0	0.4	0.160924	2195	40
1.0	0.4	0.160924	2196	40
1.0	0.4	0.160924	2197	40
1.0	0.4	0.160924	2198	40
1.0	0.4	0.160924	2199	40
1.0	0.4	0.160924	2200	40
1.0	0.4	0.160924	2201	40
0.0	0.4	-0.839076	2201	40
1.0	0.4	0.160924	2202	40
1.0	0.4	0.160924	2203	40
1.0	0.4	0.160924	2204	40
1.0	0.4	0.160924	2205	40
1.0	0.4	0.160924	2206	40
1.0	0.4	0.160924	2207	40
1.0	0.4	0.160924	2208	40
1.0	0.4	0.160924	2209	40
1.0	0.4	0.160924	2210	40
1.0	0.4	0.160924	2211	40
0.0	0.4	-0.839076	2211	40
1.0	0.4	0.160924	2212	40
1.0	0.4	0.160924	2213	40
1.0	0.4	0.160924	2214	40
0.0	0.4	-0.839076	2214	40
1.0	0.4	0.160924	2215	40
1.0	0.4	0.160924	2216	40
1.0	0.4	0.160924	2217	40
0.0	0.4	-0.839076	2217	40
1.0	0.4	0.160924	2218	40
0.0	0.4	-0.839076	2218	40
0.0	0.4	-0.839076	2218	40
1.0	0.4	0.160924	2219	40
1.0	0.4	0.160924	2220	40
1.0	0.4	0.160924	2221	40
1.0	0.4	0.160924	2222	40
1.0	0.4	0.160924	2223	40
1.0	0.4	0.160924	2224	40
1.0	0.4	0.160924	2225	40
0.0	0.4	-0.839076	2225	40
1.0	0.4	0.160924	2226	40
1.0	0.4	0.160924	2227	40
1.0	0.4	0.160924	2228	40
1.0	0.4	0.160924	2229	40
1.0	0.4	0.160924	2230	40
1.0	0.4	0.160924	2231	40
0.0	0.4	-0.839076	2231	40
1.0	0.4	0.160924	2232	40
1.0	0.4	0.160924	2233	40
1.0	0.4	0.160924	2234	40
1.0	0.4	0.160924	2235	40
1.0	0.4	0.160924	2236	40
1.0	0.4	0.160924	2237	40
0.0	0.4	-0.839076	2237	40
1.0	0.4	0.160924	2238	40
1.0	0.4	0.160924	2239	40
1.0	0.4	0.160924	2240	40
1.0	0.4	0.160924	2241	40
1.0	0.4	0.160924	2242	40
1.0	0.4	0.160924	2243	40
1.0	0.4	0.160924	2244	40
1.0	0.4	0.160924	2245	40
1.0	0.4	0.160924	2246	40
1.0	0.4	0.160924	2247	40
1.0	0.4	0.160924	2248	40
1.0	0.4	0.160924	2249	40
1.0	0.4	0.160924	2250	40
1.0	0.4	0.160924	2251	40
1.0	0.4	0.160924	2252	40
0.0	0.4	-0.839076	2252	40
1.0	0.4	0.160924	2253	40
1.0	0.4	0.160924	2254	40
1.0	0.4	0.160924	2255	40
1.0	0.4	0.160924	2256	40
0.0	0.4	-0.839076	2256	40
1.0	0.4	0.160924	2257	40
1.0	0.4	0.160924	2258	40
1.0	0.4	0.160924	2259	40
1.0	0.4	0.160924	2260	40
1.0	0.4	0.160924	2261	40
1.0	0.4	0.160924	2262	40
1.0	0.4	0.160924	2263	40
1.0	0.4	0.160924	2264	40
0.0	0.4	-0.839076	2264	40
1.0	0.4	0.160924	2265	40
1.0	0.4	0.160924	2266	40
0.0	0.4	-0.839076	2266	40
1.0	0.4	0.160924	2267	40
0.0	0.4	-0.839076	2267	40
1.0	0.4	0.160924	2268	40
1.0	0.4	0.160924	2269	40
1.0	0.4	0.160924	2270	40
1.0	0.4	0.160924	2271	40
1.0	0.4	0.160924	2272	40
1.0	0.4	0.160924	2273	40
1.0	0.4	0.160924	2274	40
1.0	0.4	0.160924	2275	40
1.0	0.4	0.160924	2276	40
1.0	0.4	0.160924	2277	40
1.0	0.4	0.160924	2278	40
1.0	0.4	0.160924	2279	40
1.0	0.4	0.160924	2280	40
1.0	0.4	0.160924	2281	40
1.0	0.4	0.160924	2282	40
1.0	0.4	0.160924	2283	40
1.0	0.4	0.160924	2284	40
1.0	0.4	0.160924	2285	40
1.0	0.4	0.160924	2286	40
1.0	0.4	0.160924	2287	40
1.0	0.4	0.160924	2288	40
1.0	0.4	0.160924	2289	40
1.0	0.4	0.160924	2290	40
1.0	0.4	0.160924	2291	40
1.0	0.4	0.160924	2292	40
1.0	0.4	0.160924	2293	40
1.0	0.4	0.160924	2294	40
0.0	0.4	-0.839076	2294	40
1.0	0.4	0.160924	2295	40
1.0	0.4	0.160924	2296	40
1.0	0.4	0.160924	2297	40
0.0	0.4	-0.839076	2297	40
1.0	0.4	0.160924	2298	40
1.0	0.4	0.160924	2299	40
1.0	0.4	0.160924	2300	40
1.0	0.4	0.160924	2301	40
1.0	0.4	0.160924	2302	40
1.0	0.4	0.160924	2303	40
0.0	0.4	-0.839076	2303	40
1.0	0.4	0.160924	2304	40
1.0	0.4	0.160924	2305	40
1.0	0.4	0.160924	2306	40
1.0	0.4	0.160924	2307	40
0.0	0.4	-0.839076	2307	40
1.0	0.4	0.160924	2308	40
1.0	0.4	0.160924	2309	40
0.0	0.4	-0.839076	2309	40
1.0	0.4	0.160924	2310	40
1.0	0.4	0.160924	2311	40
1.0	0.4	0.160924	2312	40
1.0	0.4	0.160924	2313	40
1.0	0.4	0.160924	2314	40
1.0	0.4	0.160924	2315	40
1.0	0.4	0.160924	2316	40
1.0	0.4	0.160924	2317	40
1.0	0.4	0.160924	2318	40
0.0	0.4	-0.839076	2318	40
1.0	0.4	0.160924	2319	40
1.0	0.4	0.160924	2320	40
1.0	0.4	0.160924	2321	40
0.0	0.4	-0.839076	2321	40
1.0	0.4	0.160924	2322	40
1.0	0.4	0.160924	2323	40
1.0	0.4	0.160924	2324	40
1.0	0.4	0.160924	2325	40
1.0	0.4	0.160924	2326	40
0.0	0.4	-0.839076	2326	40
1.0	0.4	0.160924	2327	40
1.0	0.4	0.160924	2328	40
0.0	0.4	-0.839076	2328	40
1.0	0.4	0.160924	2329	40
1.0	0.4	0.160924	2330	40
1.0	0.4	0.160924	2331	40
1.0	0.4	0.160924	2332	40
1.0	0.4	0.160924	2333	40
1.0	0.4	0.160924	2334	40
0.0	0.4	-0.839076	2334	40
1.0	0.4	0.160924	2335	40
1.0	0.4	0.160924	2336	40
0.0	0.4	-0.839076	2336	40
1.0	0.4	0.160924	2337	40
1.0	0.4	0.160924	2338	40
1.0	0.4	0.160924	2339	40
1.0	0.4	0.160924	2340	40
1.0	0.4	0.160924	2341	40
1.0	0.4	0.160924	2342	40
1.0	0.4	0.160924	2343	40
1.0	0.4	0.160924	2344	40
1.0	0.4	0.160924	2345	40
1.0	0.4	0.160924	2346	40
1.0	0.4	0.160924	2347	40
1.0	0.4	0.160924	2348	40
1.0	0.4	0.160924	2349	40
1.0	0.4	0.160924	2350	40
1.0	0.4	0.160924	2351	40
1.0	0.4	0.160924	2352	40
1.0	0.4	0.160924	2353	40
1.0	0.4	0.160924	2354	40
1.0	0.4	0.160924	2355	40
1.0	0.4	0.160924	2356	40
1.0	0.4	0.160924	2357	40
1.0	0.4	0.160924	2358	40
0.0	0.4	-0.839076	2358	40
1.0	0.4	0.160924	2359	40
1.0	0.4	0.160924	2360	40
1.0	0.4	0.160924	2361	40
1.0	0.4	0.160924	2362	40
1.0	0.4	0.160924	2363	40
1.0	0.4	0.160924	2364	40
1.0	0.4	0.160924	2365	40
1.0	0.4	0.160924	2366	40
1.0	0.4	0.160924	2367	40
1.0	0.4	0.160924	2368	40
1.0	0.4	0.160924	2369	40
1.0	0.4	0.160924	2370	40
1.0	0.4	0.160924	2371	40
1.0	0.4	0.160924	2372	40
1.0	0.4	0.160924	2373	40
1.0	0.4	0.160924	2374	40
0.0	0.4	-0.839076	2374	40
1.0	0.4	0.160924	2375	40
1.0	0.4	0.160924	2376	40
1.0	0.4	0.160924	2377	40
1.0	0.4	0.160924	2378	40
1.0	0.4	0.160924	2379	40
0.0	0.4	-0.839076	2379	40
1.0	0.4	0.160924	2380	40
1.0	0.4	0.160924	2381	40
0.0	0.4	-0.839076	2381	40
1.0	0.4	0.160924	2382	40
1.0	0.4	0.160924	2383	40
0.0	0.4	-0.839076	2383	40
1.0	0.4	0.160924	2384	40
1.0	0.4	0.160924	2385	40
1.0	0.4	0.160924	2386	40
1.0	0.4	0.160924	2387	40
1.0	0.4	0.160924	2388	40
1.0	0.4	0.160924	2389	40
1.0	0.4	0.160924	2390	40
1.0	0.4	0.160924	2391	40
0.0	0.4	-0.839076	2391	40
1.0	0.4	0.160924	2392	40
1.0	0.4	0.160924	2393	40
1.0	0.4	0.160924	2394	40
1.0	0.4	0.160924	2395	40
1.0	0.4	0.160924	2396	40
0.0	0.4	-0.839076	2396	40
1.0	0.4	0.160924	2397	40
1.0	0.4	0.160924	2398	40
0.0	0.4	-0.839076	2398	40
1.0	0.4	0.160924	2399	40
1.0	0.4	0.160924	2400	40
1.0	0.4	0.160924	2401	40
1.0	0.4	0.160924	2402	40
1.0	0.4	0.160924	2403	40
1.0	0.4	0.160924	2404	40
1.0	0.4	0.160924	2405	40
0.0	0.4	-0.839076	2405	40
1.0	0.4	0.160924	2406	40
1.0	0.4	0.160924	2407	40
1.0	0.4	0.160924	2408	40
1.0	0.4	0.160924	2409	40
1.0	0.4	0.160924	2410	40
1.0	0.4	0.160924	2411	40
1.0	0.4	0.160924	2412	40
1.0	0.4	0.160924	2413	40
1.0	0.4	0.160924	2414	40
1.0	0.4	0.160924	2415	40
0.0	0.4	-0.839076	2415	40
1.0	0.4	0.160924	2416	40
1.0	0.4	0.160924	2417	40
1.0	0.4	0.160924	2418	40
1.0	0.4	0.160924	2419	40
1.0	0.4	0.160924	2420	40
1.0	0.4	0.160924	2421	40
0.0	0.4	-0.839076	2421	40
1.0	0.4	0.160924	2422	40
1.0	0.4	0.160924	2423	40
1.0	0.4	0.160924	2424	40
1.0	0.4	0.160924	2425	40
0.0	0.4	-0.839076	2425	40
1.0	0.4	0.160924	2426	40
1.0	0.4	0.160924	2427	40
1.0	0.4	0.160924	2428	40
0.0	0.4	-0.839076	2428	40
1.0	0.4	0.160924	2429	40
1.0	0.4	0.160924	2430	40
1.0	0.4	0.160924	2431	40
1.0	0.4	0.160924	2432	40
1.0	0.4	0.160924	2433	40
1.0	0.4	0.160924	2434	40
1.0	0.4	0.160924	2435	40
1.0	0.4	0.160924	2436	40
1.0	0.4	0.160924	2437	40
1.0	0.4	0.160924	2438	40
1.0	0.4	0.160924	2439	40
1.0	0.4	0.160924	2440	40
1.0	0.4	0.160924	2441	40
0.0	0.4	-0.839076	2441	40
1.0	0.4	0.160924	2442	40
1.0	0.4	0.160924	2443	40
1.0	0.4	0.160924	2444	40
1.0	0.4	0.160924	2445	40
1.0	0.4	0.160924	2446	40
1.0	0.4	0.160924	2447	40
0.0	0.4	-0.839076	2447	40
0.0	0.4	-0.839076	2447	40
0.0	0.4	-0.839076	2447	40
0.0	0.4	-0.839076	2447	40
1.0	0.4	0.160924	2448	40
1.0	0.4	0.160924	2449	40
1.0	0.4	0.160924	2450	40
1.0	0.4	0.160924	2451	40
1.0	0.4	0.160924	2452	40
1.0	0.4	0.160924	2453	40
1.0	0.4	0.160924	2454	40
1.0	0.4	0.160924	2455	40
1.0	0.4	0.160924	2456	40
1.0	0.4	0.160924	2457	40
1.0	0.4	0.160924	2458	40
1.0	0.4	0.160924	2459	40
1.0	0.4	0.160924	2460	40
1.0	0.4	0.160924	2461	40
1.0	0.4	0.160924	2462	40
1.0	0.4	0.160924	2463	40
1.0	0.4	0.160924	2464	40
0.0	0.4	-0.839076	2464	40
1.0	0.4	0.160924	2465	40
1.0	0.4	0.160924	2466	40
1.0	0.4	0.160924	2467	40
1.0	0.4	0.160924	2468	40
0.0	0.4	-0.839076	2468	40
1.0	0.4	0.160924	2469	40
1.0	0.4	0.160924	2470	40
0.0	0.4	-0.839076	2470	40
1.0	0.4	0.160924	2471	40
1.0	0.4	0.160924	2472	40
0.0	0.4	-0.839076	2472	40
1.0	0.4	0.160924	2473	40
1.0	0.4	0.160924	2474	40
1.0	0.4	0.160924	2475	40
0.0	0.4	-0.839076	2475	40
1.0	0.4	0.160924	2476	40
1.0	0.4	0.160924	2477	40
1.0	0.4	0.160924	2478	40
1.0	0.4	0.160924	2479	40
1.0	0.4	0.160924	2480	40
1.0	0.4	0.160924	2481	40
1.0	0.4	0.160924	2482	40
0.0	0.4	-0.839076	2482	40
1.0	0.4	0.160924	2483	40
1.0	0.4	0.160924	2484	40
1.0	0.4	0.160924	2485	40
1.0	0.4	0.160924	2486	40
1.0	0.4	0.160924	2487	40
0.0	0.4	-0.839076	2487	40
1.0	0.4	0.160924	2488	40
1.0	0.4	0.160924	2489	40
1.0	0.4	0.160924	2490	40
1.0	0.4	0.160924	2491	40
1.0	0.4	0.160924	2492	40
1.0	0.4	0.160924	2493	40
1.0	0.4	0.160924	2494	40
1.0	0.4	0.160924	2495	40
1.0	0.4	0.160924	2496	40
1.0	0.4	0.160924	2497	40
1.0	0.4	0.160924	2498	40
1.0	0.4	0.160924	2499	40
1.0	0.4	0.160924	2500	40
1.0	0.4	0.160924	2501	40
1.0	0.4	0.160924	2502	40
1.0	0.4	0.160924	2503	40
1.0	0.4	0.160924	2504	40
1.0	0.4	0.160924	2505	40
1.0	0.4	0.160924	2506	40
1.0	0.4	0.160924	2507	40
1.0	0.4	0.160924	2508	40
1.0	0.4	0.160924	2509	40
1.0	0.4	0.160924	2510	40
1.0	0.4	0.160924	2511	40
0.0	0.4	-0.839076	2511	40
1.0	0.4	0.160924	2512	40
1.0	0.4	0.160924	2513	40
1.0	0.4	0.160924	2514	40
1.0	0.4	0.160924	2515	40
1.0	0.4	0.160924	2516	40
1.0	0.4	0.160924	2517	40
1.0	0.4	0.160924	2518	40
1.0	0.4	0.160924	2519	40
1.0	0.4	0.160924	2520	40
0.0	0.4	-0.839076	2520	40
1.0	0.4	0.160924	2521	40
1.0	0.4	0.160924	2522	40
1.0	0.4	0.160924	2523	40
1.0	0.4	0.160924	2524	40
1.0	0.4	0.160924	2525	40
1.0	0.4	0.160924	2526	40
1.0	0.4	0.160924	2527	40
1.0	0.4	0.160924	2528	40
1.0	0.4	0.160924	2529	40
1.0	0.4	0.160924	2530	40
1.0	0.4	0.160924	2531	40
1.0	0.4	0.160924	2532	40
1.0	0.4	0.160924	2533	40
1.0	0.4	0.160924	2534	40
1.0	0.4	0.160924	2535	40
1.0	0.4	0.160924	2536	40
1.0	0.4	0.160924	2537	40
1.0	0.4	0.160924	2538	40
1.0	0.4	0.160924	2539	40
1.0	0.4	0.160924	2540	40
1.0	0.4	0.160924	2541	40
1.0	0.4	0.160924	2542	40
1.0	0.4	0.160924	2543	40
0.0	0.4	-0.839076	2543	40
1.0	0.4	0.160924	2544	40
1.0	0.4	0.160924	2545	40
1.0	0.4	0.160924	2546	40
1.0	0.4	0.160924	2547	40
1.0	0.4	0.160924	2548	40
1.0	0.4	0.160924	2549	40
1.0	0.4	0.160924	2550	40
1.0	0.4	0.160924	2551	40
1.0	0.4	0.160924	2552	40
0.0	0.4	-0.839076	2552	40
1.0	0.4	0.160924	2553	40
1.0	0.4	0.160924	2554	40
1.0	0.4	0.160924	2555	40
