0.045103	0.274276	-0.680621	20
0.0587038	0.269965	-0.671331	21
0.0757279	0.265512	-0.658761	22
0.097689	0.260915	-0.641396	23
0.126019	0.256176	-0.617805	24
0.162564	0.251294	-0.586142	25
0.209708	0.246269	-0.544023	26
0.270523	0.241101	-0.488376	27
0.28816	0.235791	-0.47605	28
0.306946	0.230337	-0.462717	29
0.326957	0.224741	-0.448302	30
0.348272	0.219002	-0.432726	31
0.370978	0.21312	-0.415902	32
0.395163	0.207096	-0.397741	33
0.420925	0.200928	-0.378147	34
0.428396	0.194618	-0.376986	35
0.436	0.188165	-0.375836	36
0.443738	0.181569	-0.374693	37
0.451614	0.17483	-0.373556	38
0.45963	0.167948	-0.372421	39
0.467788	0.160924	-0.371288	40
0.476091	0.153757	-0.370152	41
