0.0864505	0.246269	-0.667281	26
0.111781	0.241101	-0.647118	27
0.144145	0.235791	-0.620065	28
0.185925	0.230337	-0.583738	29
0.239834	0.224741	-0.535425	30
0.309383	0.219002	-0.471615	31
0.399102	0.21312	-0.387778	32
0.514841	0.207096	-0.278064	33
0.548144	0.200928	-0.250928	34
0.583764	0.194618	-0.221619	35
0.62177	0.188165	-0.190065	36
0.662283	0.181569	-0.156148	37
0.70545	0.17483	-0.11972	38
0.751436	0.167948	-0.0806151	39
0.800423	0.160924	-0.0386529	40
0.8145	0.153757	-0.0317432	41
0.828898	0.146447	-0.0246554	42
0.843584	0.138994	-0.0174225	43
0.858545	0.131398	-0.0100571	44
0.873778	0.12366	-0.0025625	45
