0.207647	0.274276	-0.518077	20
0.241763	0.269965	-0.488272	21
0.280445	0.265512	-0.454044	22
0.325316	0.260915	-0.413769	23
0.377366	0.256176	-0.366458	24
0.437745	0.251294	-0.310961	25
0.507784	0.246269	-0.245947	26
0.58903	0.241101	-0.169869	27
0.602029	0.235791	-0.16218	28
0.615315	0.230337	-0.154348	29
0.628895	0.224741	-0.146364	30
0.642774	0.219002	-0.138224	31
0.656959	0.21312	-0.129921	32
0.671457	0.207096	-0.121447	33
0.686276	0.200928	-0.112796	34
0.688647	0.194618	-0.116735	35
0.691026	0.188165	-0.120809	36
0.693413	0.181569	-0.125018	37
0.695809	0.17483	-0.129361	38
0.698213	0.167948	-0.133839	39
0.700625	0.160924	-0.138451	40
0.703045	0.153757	-0.143198	41
