0.0537875	0.260915	-0.685297	23
0.0713316	0.256176	-0.672493	24
0.0941325	0.251294	-0.654574	25
0.124244	0.246269	-0.629487	26
0.163997	0.241101	-0.594902	27
0.216474	0.235791	-0.547735	28
0.285745	0.230337	-0.483918	29
0.377183	0.224741	-0.398076	30
0.406286	0.219002	-0.374712	31
0.43773	0.21312	-0.34915	32
0.471653	0.207096	-0.321252	33
0.508225	0.200928	-0.290847	34
0.547643	0.194618	-0.257739	35
0.590123	0.188165	-0.221712	36
0.6359	0.181569	-0.182531	37
0.650454	0.17483	-0.174716	38
0.665393	0.167948	-0.166659	39
0.680699	0.160924	-0.158377	40
0.69637	0.153757	-0.149873	41
0.712407	0.146447	-0.141146	42
0.728816	0.138994	-0.13219	43
0.745605	0.131398	-0.122997	44
