0.285126	0.274276	-0.440598	20
0.323042	0.269965	-0.406993	21
0.365037	0.265512	-0.369451	22
0.412492	0.260915	-0.326593	23
0.466116	0.256176	-0.277708	24
0.526711	0.251294	-0.221996	25
0.595183	0.246269	-0.158548	26
0.672557	0.241101	-0.086342	27
0.682616	0.235791	-0.0815939	28
0.692825	0.230337	-0.0768383	29
0.703186	0.224741	-0.0720728	30
0.713703	0.219002	-0.0672951	31
0.724377	0.21312	-0.0625029	32
0.73521	0.207096	-0.057694	33
0.746206	0.200928	-0.0528658	34
0.747636	0.194618	-0.0577467	35
0.749068	0.188165	-0.0627676	36
0.750503	0.181569	-0.0679287	37
0.75194	0.17483	-0.0732297	38
0.753381	0.167948	-0.0786709	39
0.754824	0.160924	-0.0842521	40
0.75627	0.153757	-0.0899734	41
