0.0627554	0.246269	-0.690976	26
0.0830876	0.241101	-0.675811	27
0.109631	0.235791	-0.654578	28
0.144694	0.230337	-0.624969	29
0.190988	0.224741	-0.584271	30
0.2521	0.219002	-0.528898	31
0.332771	0.21312	-0.454109	32
0.439256	0.207096	-0.353648	33
0.473062	0.200928	-0.32601	34
0.509631	0.194618	-0.295751	35
0.549105	0.188165	-0.26273	36
0.591674	0.181569	-0.226757	37
0.63756	0.17483	-0.18761	38
0.687012	0.167948	-0.145039	39
0.740304	0.160924	-0.0987721	40
0.757195	0.153757	-0.0890486	41
0.774558	0.146447	-0.078995	42
0.792363	0.138994	-0.0686428	43
0.810598	0.131398	-0.0580033	44
0.829263	0.12366	-0.047077	45
0.848363	0.115778	-0.0358589	46
0.867904	0.107754	-0.0243414	47
