0.231096	0.274276	-0.494628	20
0.266647	0.269965	-0.463388	21
0.306644	0.265512	-0.427844	22
0.352641	0.260915	-0.386444	23
0.405537	0.256176	-0.338287	24
0.466367	0.251294	-0.282339	25
0.536322	0.246269	-0.217409	26
0.616771	0.241101	-0.142128	27
0.628838	0.235791	-0.135371	28
0.641141	0.230337	-0.128521	29
0.653685	0.224741	-0.121574	30
0.666475	0.219002	-0.114523	31
0.679515	0.21312	-0.107365	32
0.692809	0.207096	-0.100095	33
0.706364	0.200928	-0.0927075	34
0.708398	0.194618	-0.0969846	35
0.710437	0.188165	-0.101399	36
0.712482	0.181569	-0.10595	37
0.714533	0.17483	-0.110637	38
0.716589	0.167948	-0.115462	39
0.718652	0.160924	-0.120424	40
0.720721	0.153757	-0.125523	41
