0.0759367	0.260915	-0.663148	23
0.0983221	0.256176	-0.645502	24
0.126804	0.251294	-0.621902	25
0.163564	0.246269	-0.590167	26
0.210992	0.241101	-0.547907	27
0.272178	0.235791	-0.492032	28
0.351109	0.230337	-0.418554	29
0.452929	0.224741	-0.32233	30
0.482297	0.219002	-0.298701	31
0.51367	0.21312	-0.27321	32
0.547127	0.207096	-0.245778	33
0.582783	0.200928	-0.216289	34
0.62077	0.194618	-0.184612	35
0.661238	0.188165	-0.150597	36
0.704345	0.181569	-0.114086	37
0.716767	0.17483	-0.108403	38
0.729453	0.167948	-0.102599	39
0.742384	0.160924	-0.096692	40
0.755554	0.153757	-0.0906897	41
0.768961	0.146447	-0.0845926	42
0.782608	0.138994	-0.0783986	43
0.796497	0.131398	-0.0721043	44
