0.030408	0.274276	-0.695316	20
0.0405489	0.269965	-0.689486	21
0.0535246	0.265512	-0.680964	22
0.0706525	0.260915	-0.668432	23
0.0932613	0.256176	-0.650563	24
0.123105	0.251294	-0.625601	25
0.162498	0.246269	-0.591233	26
0.214498	0.241101	-0.544401	27
0.231138	0.235791	-0.533072	28
0.249068	0.230337	-0.520594	29
0.26839	0.224741	-0.506869	30
0.289211	0.219002	-0.491787	31
0.311646	0.21312	-0.475233	32
0.335823	0.207096	-0.457082	33
0.361874	0.200928	-0.437198	34
0.370211	0.194618	-0.435171	35
0.378739	0.188165	-0.433096	36
0.387465	0.181569	-0.430967	37
0.396391	0.17483	-0.428779	38
0.405522	0.167948	-0.426529	39
0.414864	0.160924	-0.424212	40
0.424422	0.153757	-0.421822	41
