0.186328	0.274276	-0.539396	20
0.218893	0.269965	-0.511142	21
0.256105	0.265512	-0.478384	22
0.299642	0.260915	-0.439443	23
0.350582	0.256176	-0.393243	24
0.41018	0.251294	-0.338526	25
0.479911	0.246269	-0.27382	26
0.561496	0.241101	-0.197403	27
0.575365	0.235791	-0.188844	28
0.589577	0.230337	-0.180085	29
0.604141	0.224741	-0.171118	30
0.619063	0.219002	-0.161935	31
0.634355	0.21312	-0.152525	32
0.650024	0.207096	-0.142881	33
0.66608	0.200928	-0.132992	34
0.66881	0.194618	-0.136573	35
0.67155	0.188165	-0.140285	36
0.674302	0.181569	-0.144129	37
0.677065	0.17483	-0.148105	38
0.67984	0.167948	-0.152212	39
0.682626	0.160924	-0.15645	40
0.685423	0.153757	-0.16082	41
