0.0657607	0.274276	-0.659963	20
0.0834963	0.269965	-0.646539	21
0.105205	0.265512	-0.629283	22
0.132559	0.260915	-0.606526	23
0.167024	0.256176	-0.5768	24
0.21045	0.251294	-0.538256	25
0.265167	0.246269	-0.488564	26
0.334111	0.241101	-0.424788	27
0.352036	0.235791	-0.412173	28
0.370923	0.230337	-0.39874	29
0.390823	0.224741	-0.384436	30
0.411791	0.219002	-0.369207	31
0.433884	0.21312	-0.352996	32
0.457163	0.207096	-0.335742	33
0.48169	0.200928	-0.317382	34
0.488067	0.194618	-0.317316	35
0.494528	0.188165	-0.317307	36
0.501075	0.181569	-0.317356	37
0.507709	0.17483	-0.317461	38
0.51443	0.167948	-0.317621	39
0.521241	0.160924	-0.317835	40
0.528142	0.153757	-0.318102	41
