0.256857	0.274276	-0.468867	20
0.293689	0.269965	-0.436345	21
0.334806	0.265512	-0.399683	22
0.381679	0.260915	-0.357406	23
0.435114	0.256176	-0.30871	24
0.49603	0.251294	-0.252677	25
0.565474	0.246269	-0.188257	26
0.64464	0.241101	-0.114259	27
0.655723	0.235791	-0.108486	28
0.666997	0.230337	-0.102665	29
0.678465	0.224741	-0.096794	30
0.69013	0.219002	-0.0908682	31
0.701995	0.21312	-0.0848846	32
0.714065	0.207096	-0.0788399	33
0.726342	0.200928	-0.0727304	34
0.72806	0.194618	-0.0773219	35
0.729783	0.188165	-0.0820522	36
0.73151	0.181569	-0.0869212	37
0.733241	0.17483	-0.091929	38
0.734976	0.167948	-0.0970755	39
0.736715	0.160924	-0.102361	40
0.738459	0.153757	-0.107785	41
