0.0699592	0.246269	-0.683772	26
0.0919012	0.241101	-0.666998	27
0.120344	0.235791	-0.643866	28
0.15763	0.230337	-0.612033	29
0.206487	0.224741	-0.568772	30
0.270494	0.219002	-0.510504	31
0.354345	0.21312	-0.432535	32
0.464191	0.207096	-0.328714	33
0.497975	0.200928	-0.301097	34
0.53438	0.194618	-0.271002	35
0.573524	0.188165	-0.238312	36
0.61557	0.181569	-0.202861	37
0.660715	0.17483	-0.164455	38
0.709178	0.167948	-0.122874	39
0.761199	0.160924	-0.0778768	40
0.777174	0.153757	-0.0690691	41
0.793567	0.146447	-0.059986	42
0.810346	0.138994	-0.0506598	43
0.827499	0.131398	-0.0411028	44
0.845023	0.12366	-0.0313168	45
0.862923	0.115778	-0.0212983	46
0.881204	0.107754	-0.0110414	47
