0.350046	0.274276	-0.375678	20
0.389322	0.269965	-0.340713	21
0.432148	0.265512	-0.302341	22
0.479684	0.260915	-0.259401	23
0.532449	0.256176	-0.211375	24
0.591019	0.251294	-0.157688	25
0.656031	0.246269	-0.0977005	26
0.728194	0.241101	-0.0307049	27
0.736132	0.235791	-0.0280774	28
0.744157	0.230337	-0.0255063	29
0.752268	0.224741	-0.0229905	30
0.760469	0.219002	-0.0205291	31
0.768759	0.21312	-0.0181212	32
0.777139	0.207096	-0.0157657	33
0.78561	0.200928	-0.0134616	34
0.786542	0.194618	-0.01884	35
0.787475	0.188165	-0.0243602	36
0.788409	0.181569	-0.030022	37
0.789344	0.17483	-0.0358256	38
0.790281	0.167948	-0.0417708	39
0.791218	0.160924	-0.0478578	40
0.792157	0.153757	-0.0540865	41
