0.105318	0.260915	-0.633767	23
0.13308	0.256176	-0.610745	24
0.167643	0.251294	-0.581063	25
0.211216	0.246269	-0.542515	26
0.266126	0.241101	-0.492773	27
0.335317	0.235791	-0.428892	28
0.422499	0.230337	-0.347164	29
0.532348	0.224741	-0.242911	30
0.560756	0.219002	-0.220242	31
0.590779	0.21312	-0.196101	32
0.622449	0.207096	-0.170455	33
0.655834	0.200928	-0.143238	34
0.691016	0.194618	-0.114366	35
0.728088	0.188165	-0.0837476	36
0.767149	0.181569	-0.0512818	37
0.777243	0.17483	-0.0479266	38
0.787508	0.167948	-0.0445438	39
0.797923	0.160924	-0.041153	40
0.808482	0.153757	-0.0377609	41
0.819184	0.146447	-0.0343692	42
0.830028	0.138994	-0.0309777	43
0.841017	0.131398	-0.027585	44
