0.0838111	0.274276	-0.641913	20
0.10464	0.269965	-0.625395	21
0.129753	0.265512	-0.604735	22
0.160894	0.260915	-0.578191	23
0.199508	0.256176	-0.544316	24
0.24739	0.251294	-0.501316	25
0.306764	0.246269	-0.446967	26
0.380387	0.241101	-0.378512	27
0.398057	0.235791	-0.366153	28
0.416547	0.230337	-0.353116	29
0.435897	0.224741	-0.339362	30
0.456145	0.219002	-0.324853	31
0.477333	0.21312	-0.309546	32
0.499506	0.207096	-0.293398	33
0.522709	0.200928	-0.276363	34
0.528278	0.194618	-0.277104	35
0.533906	0.188165	-0.27793	36
0.539594	0.181569	-0.278838	37
0.545342	0.17483	-0.279828	38
0.551152	0.167948	-0.280899	39
0.557024	0.160924	-0.282052	40
0.562958	0.153757	-0.283285	41
