0.149408	0.274276	-0.576316	20
0.178658	0.269965	-0.551376	21
0.212603	0.265512	-0.521885	22
0.252998	0.260915	-0.486087	23
0.301068	0.256176	-0.442756	24
0.358271	0.251294	-0.390436	25
0.426342	0.246269	-0.327389	26
0.507347	0.241101	-0.251552	27
0.522738	0.235791	-0.241472	28
0.538596	0.230337	-0.231067	29
0.554935	0.224741	-0.220324	30
0.571769	0.219002	-0.209229	31
0.589115	0.21312	-0.197765	32
0.606986	0.207096	-0.185919	33
0.6254	0.200928	-0.173672	34
0.628898	0.194618	-0.176484	35
0.632416	0.188165	-0.179419	36
0.635954	0.181569	-0.182477	37
0.639512	0.17483	-0.185658	38
0.643089	0.167948	-0.188962	39
0.646687	0.160924	-0.192389	40
0.650305	0.153757	-0.195939	41
