0.10611	0.274276	-0.619614	20
0.130238	0.269965	-0.599797	21
0.15889	0.265512	-0.575598	22
0.193846	0.260915	-0.545239	23
0.236492	0.256176	-0.507332	24
0.28852	0.251294	-0.460186	25
0.351995	0.246269	-0.401736	26
0.429434	0.241101	-0.329465	27
0.44647	0.235791	-0.317739	28
0.464183	0.230337	-0.30548	29
0.482598	0.224741	-0.292661	30
0.501743	0.219002	-0.279255	31
0.521649	0.21312	-0.265231	32
0.542344	0.207096	-0.250561	33
0.56386	0.200928	-0.235212	34
0.568593	0.194618	-0.236789	35
0.573366	0.188165	-0.238469	36
0.57818	0.181569	-0.240252	37
0.583033	0.17483	-0.242137	38
0.587928	0.167948	-0.244124	39
0.592863	0.160924	-0.246213	40
0.59784	0.153757	-0.248403	41
