0.034748	0.274276	-0.690976	20
0.0459659	0.269965	-0.684069	21
0.0602153	0.265512	-0.674273	22
0.078882	0.260915	-0.660203	23
0.103335	0.256176	-0.640489	24
0.135369	0.251294	-0.613337	25
0.177334	0.246269	-0.576397	26
0.232308	0.241101	-0.526591	27
0.249349	0.235791	-0.51486	28
0.267641	0.230337	-0.502021	29
0.287275	0.224741	-0.487984	30
0.308349	0.219002	-0.472649	31
0.330969	0.21312	-0.45591	32
0.355249	0.207096	-0.437656	33
0.38131	0.200928	-0.417762	34
0.389388	0.194618	-0.415994	35
0.397638	0.188165	-0.414197	36
0.406063	0.181569	-0.412368	37
0.414666	0.17483	-0.410504	38
0.423452	0.167948	-0.4086	39
0.432424	0.160924	-0.406652	40
0.441585	0.153757	-0.404658	41
