0.129779	0.260915	-0.609306	23
0.161304	0.256176	-0.58252	24
0.199977	0.251294	-0.54873	25
0.247956	0.246269	-0.505775	26
0.30746	0.241101	-0.451438	27
0.381249	0.235791	-0.38296	28
0.472748	0.230337	-0.296915	29
0.586207	0.224741	-0.189052	30
0.613295	0.219002	-0.167703	31
0.64173	0.21312	-0.14515	32
0.671518	0.207096	-0.121386	33
0.702703	0.200928	-0.0963686	34
0.735342	0.194618	-0.0700403	35
0.769499	0.188165	-0.0423368	36
0.805243	0.181569	-0.0131888	37
0.813771	0.17483	-0.0113991	38
0.822421	0.167948	-0.0096306	39
0.831175	0.160924	-0.00790082	40
0.840027	0.153757	-0.00621598	41
0.848975	0.146447	-0.00457788	42
0.858019	0.138994	-0.00298661	43
0.86716	0.131398	-0.00144153	44
