0.166968	0.274276	-0.558756	20
0.197901	0.269965	-0.532134	21
0.233523	0.265512	-0.500965	22
0.275557	0.260915	-0.463527	23
0.325158	0.256176	-0.418666	24
0.383686	0.251294	-0.36502	25
0.45275	0.246269	-0.300982	26
0.534245	0.241101	-0.224654	27
0.548914	0.235791	-0.215296	28
0.563986	0.230337	-0.205677	29
0.579471	0.224741	-0.195788	30
0.595382	0.219002	-0.185616	31
0.61173	0.21312	-0.17515	32
0.628527	0.207096	-0.164378	33
0.645784	0.200928	-0.153288	34
0.648891	0.194618	-0.156491	35
0.652012	0.188165	-0.159823	36
0.655149	0.181569	-0.163283	37
0.6583	0.17483	-0.16687	38
0.661467	0.167948	-0.170585	39
0.664648	0.160924	-0.174428	40
0.667846	0.153757	-0.178398	41
