0.0657802	0.230337	-0.703883	29
0.0870597	0.224741	-0.688199	30
0.114868	0.219002	-0.66613	31
0.151604	0.21312	-0.635276	32
0.200108	0.207096	-0.592797	33
0.264138	0.200928	-0.534934	34
0.34866	0.194618	-0.456722	35
0.46023	0.188165	-0.351605	36
0.495629	0.181569	-0.322802	37
0.533931	0.17483	-0.291239	38
0.575282	0.167948	-0.25677	39
0.619877	0.160924	-0.219199	40
0.667949	0.153757	-0.178294	41
0.719758	0.146447	-0.133796	42
0.775589	0.138994	-0.0854171	43
0.793273	0.131398	-0.0753288	44
0.811457	0.12366	-0.0648834	45
0.830107	0.115778	-0.054115	46
0.849209	0.107754	-0.0430371	47
0.868762	0.0995874	-0.031651	48
0.88877	0.0912776	-0.0199521	49
0.909243	0.082825	-0.00793248	50
