0.119112	0.274276	-0.606612	20
0.144939	0.269965	-0.585096	21
0.175376	0.265512	-0.559112	22
0.212205	0.260915	-0.52688	23
0.256768	0.256176	-0.487056	24
0.310689	0.251294	-0.438017	25
0.375934	0.246269	-0.377797	26
0.45488	0.241101	-0.304019	27
0.471459	0.235791	-0.292751	28
0.488642	0.230337	-0.281021	29
0.506451	0.224741	-0.268808	30
0.524909	0.219002	-0.256089	31
0.54404	0.21312	-0.24284	32
0.563868	0.207096	-0.229036	33
0.584419	0.200928	-0.214653	34
0.588735	0.194618	-0.216647	35
0.593083	0.188165	-0.218753	36
0.597462	0.181569	-0.220969	37
0.601874	0.17483	-0.223296	38
0.606319	0.167948	-0.225733	39
0.610796	0.160924	-0.22828	40
0.615307	0.153757	-0.230936	41
