0.0743026	0.274276	-0.651421	20
0.0935545	0.269965	-0.63648	21
0.116943	0.265512	-0.617545	22
0.146179	0.260915	-0.592906	23
0.182724	0.256176	-0.5611	24
0.228405	0.251294	-0.520302	25
0.285506	0.246269	-0.468225	26
0.356882	0.241101	-0.402017	27
0.374726	0.235791	-0.389483	28
0.393463	0.230337	-0.3762	29
0.413136	0.224741	-0.362123	30
0.433793	0.219002	-0.347206	31
0.455482	0.21312	-0.331398	32
0.478256	0.207096	-0.314648	33
0.502169	0.200928	-0.296903	34
0.508147	0.194618	-0.297235	35
0.514197	0.188165	-0.297639	36
0.520318	0.181569	-0.298113	37
0.526512	0.17483	-0.298658	38
0.53278	0.167948	-0.299271	39
0.539123	0.160924	-0.299953	40
0.545541	0.153757	-0.300702	41
