0.0730513	0.230337	-0.696612	29
0.09593	0.224741	-0.679329	30
0.125615	0.219002	-0.655383	31
0.164533	0.21312	-0.622347	32
0.215528	0.207096	-0.577377	33
0.282337	0.200928	-0.516735	34
0.36986	0.194618	-0.435522	35
0.484515	0.188165	-0.32732	36
0.519758	0.181569	-0.298673	37
0.557745	0.17483	-0.267425	38
0.598595	0.167948	-0.233456	39
0.642477	0.160924	-0.196599	40
0.689594	0.153757	-0.156649	41
0.740175	0.146447	-0.113378	42
0.79447	0.138994	-0.0665361	43
0.811132	0.131398	-0.0574695	44
0.828236	0.12366	-0.0481047	45
0.845745	0.115778	-0.038477	46
0.863645	0.107754	-0.0286007	47
0.881934	0.0995874	-0.0184783	48
0.900616	0.0912776	-0.00810666	49
