0.117014	0.260915	-0.622071	23
0.146648	0.256176	-0.597176	24
0.183271	0.251294	-0.565435	25
0.229074	0.246269	-0.524657	26
0.286337	0.241101	-0.472562	27
0.357919	0.235791	-0.40629	28
0.447398	0.230337	-0.322265	29
0.559247	0.224741	-0.216012	30
0.587062	0.219002	-0.193936	31
0.616356	0.21312	-0.170523	32
0.647151	0.207096	-0.145753	33
0.6795	0.200928	-0.119572	34
0.713471	0.194618	-0.0919111	35
0.749143	0.188165	-0.0626922	36
0.7866	0.181569	-0.0318316	37
0.795908	0.17483	-0.0292623	38
0.80536	0.167948	-0.0266911	39
0.814939	0.160924	-0.0241368	40
0.824637	0.153757	-0.021606	41
0.834453	0.146447	-0.0191003	42
0.844386	0.138994	-0.0166198	43
0.854438	0.131398	-0.0141634	44
