0.0946176	0.260915	-0.644467	23
0.120541	0.256176	-0.623284	24
0.153051	0.251294	-0.595655	25
0.194361	0.246269	-0.55937	26
0.246833	0.241101	-0.512066	27
0.313475	0.235791	-0.450734	28
0.398113	0.230337	-0.37155	29
0.505602	0.224741	-0.269657	30
0.534468	0.219002	-0.24653	31
0.565082	0.21312	-0.221798	32
0.597492	0.207096	-0.195413	33
0.631777	0.200928	-0.167295	34
0.668037	0.194618	-0.137345	35
0.706382	0.188165	-0.105454	36
0.746928	0.181569	-0.0715031	37
0.757808	0.17483	-0.0673623	38
0.768886	0.167948	-0.0631655	39
0.780144	0.160924	-0.0589325	40
0.791573	0.153757	-0.0546702	41
0.803173	0.146447	-0.0503803	42
0.814944	0.138994	-0.0460619	43
0.826888	0.131398	-0.0417133	44
