0.0580991	0.274276	-0.667625	20
0.0743845	0.269965	-0.65565	21
0.0944683	0.265512	-0.64002	22
0.119975	0.260915	-0.61911	23
0.152368	0.256176	-0.591456	24
0.193507	0.251294	-0.555199	25
0.245754	0.246269	-0.507977	26
0.312108	0.241101	-0.446791	27
0.330023	0.235791	-0.434186	28
0.348967	0.230337	-0.420695	29
0.368999	0.224741	-0.40626	30
0.39018	0.219002	-0.390818	31
0.412577	0.21312	-0.374303	32
0.436259	0.207096	-0.356645	33
0.461301	0.200928	-0.337771	34
0.468062	0.194618	-0.33732	35
0.474923	0.188165	-0.336912	36
0.481884	0.181569	-0.336547	37
0.488947	0.17483	-0.336223	38
0.496113	0.167948	-0.335938	39
0.503385	0.160924	-0.335691	40
0.510763	0.153757	-0.33548	41
