0.316114	0.274276	-0.40961	20
0.354863	0.269965	-0.375172	21
0.397447	0.265512	-0.337042	22
0.44514	0.260915	-0.293945	23
0.498557	0.256176	-0.245267	24
0.558384	0.251294	-0.190322	25
0.62539	0.246269	-0.128341	26
0.700437	0.241101	-0.058462	27
0.709443	0.235791	-0.0547669	28
0.718564	0.230337	-0.0510989	29
0.727803	0.224741	-0.0474564	30
0.73716	0.219002	-0.043838	31
0.746638	0.21312	-0.040242	32
0.756237	0.207096	-0.036667	33
0.765961	0.200928	-0.0331115	34
0.767127	0.194618	-0.038255	35
0.768296	0.188165	-0.0435396	36
0.769466	0.181569	-0.0489652	37
0.770638	0.17483	-0.0545318	38
0.771812	0.167948	-0.0602395	39
0.772988	0.160924	-0.0660882	40
0.774165	0.153757	-0.0720779	41
