0.0512377	0.274276	-0.674486	20
0.0661439	0.269965	-0.663891	21
0.0846642	0.265512	-0.649824	22
0.10837	0.260915	-0.630715	23
0.138714	0.256176	-0.60511	24
0.177554	0.251294	-0.571153	25
0.227269	0.246269	-0.526463	26
0.290904	0.241101	-0.467995	27
0.308722	0.235791	-0.455488	28
0.327631	0.230337	-0.442032	29
0.347698	0.224741	-0.427561	30
0.368995	0.219002	-0.412003	31
0.391596	0.21312	-0.395284	32
0.415581	0.207096	-0.377324	33
0.441035	0.200928	-0.358037	34
0.448162	0.194618	-0.35722	35
0.455405	0.188165	-0.35643	36
0.462764	0.181569	-0.355667	37
0.470243	0.17483	-0.354927	38
0.477842	0.167948	-0.35421	39
0.485564	0.160924	-0.353512	40
0.493411	0.153757	-0.352833	41
