0.0958405	0.246269	-0.657891	26
0.122935	0.241101	-0.635963	27
0.157303	0.235791	-0.606907	28
0.201325	0.230337	-0.568337	29
0.257688	0.224741	-0.517571	30
0.329837	0.219002	-0.451161	31
0.422189	0.21312	-0.36469	32
0.540401	0.207096	-0.252503	33
0.573247	0.200928	-0.225825	34
0.608248	0.194618	-0.197135	35
0.645456	0.188165	-0.16638	36
0.684969	0.181569	-0.133462	37
0.726915	0.17483	-0.0982551	38
0.771435	0.167948	-0.0606171	39
0.818683	0.160924	-0.020393	40
0.831795	0.153757	-0.0144486	41
0.845184	0.146447	-0.0083689	42
0.85882	0.138994	-0.00218618	43
