0.0848456	0.260915	-0.654239	23
0.108973	0.256176	-0.634851	24
0.139452	0.251294	-0.609254	25
0.178485	0.246269	-0.575246	26
0.228456	0.241101	-0.530443	27
0.292421	0.235791	-0.471788	28
0.374298	0.230337	-0.395365	29
0.479101	0.224741	-0.296158	30
0.508287	0.219002	-0.272711	31
0.539351	0.21312	-0.247528	32
0.572357	0.207096	-0.220547	33
0.607402	0.200928	-0.19167	34
0.6446	0.194618	-0.160782	35
0.684079	0.188165	-0.127756	36
0.725978	0.181569	-0.0924536	37
0.737635	0.17483	-0.0875345	38
0.749524	0.167948	-0.082528	39
0.761622	0.160924	-0.0774541	40
0.773924	0.153757	-0.0723194	41
0.786428	0.146447	-0.0671254	42
0.799136	0.138994	-0.0618706	43
0.812049	0.131398	-0.0565526	44
