0.0604648	0.260915	-0.67862	23
0.0795528	0.256176	-0.664271	24
0.104187	0.251294	-0.644519	25
0.136473	0.246269	-0.617258	26
0.178775	0.241101	-0.580124	27
0.234193	0.235791	-0.530016	28
0.306792	0.230337	-0.462871	29
0.401897	0.224741	-0.373362	30
0.43122	0.219002	-0.349778	31
0.462781	0.21312	-0.324099	32
0.496696	0.207096	-0.296209	33
0.533117	0.200928	-0.265955	34
0.572219	0.194618	-0.233163	35
0.614193	0.188165	-0.197643	36
0.659247	0.181569	-0.159184	37
0.673124	0.17483	-0.152046	38
0.687343	0.167948	-0.144709	39
0.701885	0.160924	-0.137191	40
0.716747	0.153757	-0.129497	41
0.731928	0.146447	-0.121625	42
0.747433	0.138994	-0.113573	43
0.763268	0.131398	-0.105334	44
